Node Number = 1106
Cell Number = 1938
1 45 44 21 1
2 209 191 190 2
3 627 653 651 3
4 23 7 22 4
5 167 169 143 5
6 835 850 834 6
7 265 266 289 7
8 519 506 518 8
9 614 637 636 9
10 804 792 811 10
11 620 646 642 11
12 847 831 832 12
13 549 538 539 13
14 201 200 180 14
15 710 736 709 15
16 458 446 461 16
17 356 372 355 17
18 296 298 320 18
19 81 99 113 19
20 162 163 134 20
21 123 150 149 21
22 133 103 132 22
23 476 495 480 23
24 373 372 356 24
25 430 450 451 25
26 453 473 474 26
27 71 41 70 27
28 151 148 175 28
29 1015 1014 1002 29
30 650 649 623 30
31 819 801 820 31
32 834 816 817 32
33 822 803 823 33
34 823 805 824 34
35 952 953 943 35
36 835 834 817 36
37 938 924 925 37
38 851 863 850 38
39 879 871 885 39
40 1031 1042 1030 40
41 900 887 901 41
42 941 939 951 42
43 715 743 744 43
44 656 685 657 44
45 831 812 814 45
46 655 652 682 46
47 794 814 812 47
48 846 844 859 48
49 754 778 779 49
50 818 800 819 50
51 612 633 609 51
52 632 636 660 52
53 719 693 720 53
54 608 632 612 54
55 619 598 600 55
56 674 672 701 56
57 455 438 439 57
58 610 633 634 58
59 498 495 510 59
60 536 525 523 60
61 289 266 267 61
62 271 247 248 62
63 310 331 309 63
64 446 447 426 64
65 441 423 421 65
66 232 231 260 66
67 389 407 408 67
68 246 245 220 68
69 379 398 392 69
70 385 365 363 70
71 459 443 441 71
72 496 477 478 72
73 487 503 488 73
74 404 387 386 74
75 465 466 485 75
76 524 511 525 76
77 526 513 514 77
78 86 63 53 78
79 283 282 306 79
80 282 270 291 80
81 412 431 411 81
82 261 255 234 82
83 193 211 207 83
84 145 144 118 84
85 277 254 257 85
86 83 76 51 86
87 23 22 47 87
88 116 115 84 88
89 46 47 22 89
90 414 411 431 90
91 415 395 414 91
92 105 104 133 92
93 138 137 112 93
94 71 103 104 94
95 131 111 137 95
96 414 431 433 96
97 322 340 339 97
98 432 452 431 98
99 628 606 607 99
100 320 321 338 100
101 450 471 472 101
102 447 427 425 102
103 448 449 428 103
104 506 505 518 104
105 453 436 435 105
106 430 417 410 106
107 650 623 624 107
108 434 415 433 108
109 940 941 952 109
110 985 984 1000 110
111 870 856 869 111
112 966 952 965 112
113 931 919 920 113
114 1009 994 1010 114
115 1029 1041 1040 115
116 1079 1086 1087 116
117 978 961 980 117
118 1061 1063 1070 118
119 1049 1059 1053 119
120 1076 1077 1084 120
121 848 850 862 121
122 847 861 859 122
123 817 796 798 123
124 834 833 816 124
125 749 750 777 125
126 781 801 800 126
127 757 756 755 127
128 782 802 781 128
129 675 702 700 129
130 780 756 781 130
131 646 675 671 131
132 815 833 832 132
133 792 794 812 133
134 793 795 815 134
135 783 772 792 135
136 744 743 771 136
137 875 876 888 137
138 872 860 859 138
139 832 831 814 139
140 842 826 828 140
141 847 849 861 141
142 846 860 845 142
143 861 872 859 143
144 890 878 879 144
145 888 876 889 145
146 915 926 914 146
147 840 845 854 147
148 860 872 873 148
149 900 899 887 149
150 881 892 880 150
151 885 887 899 151
152 903 891 904 152
153 924 938 937 153
154 908 909 895 154
155 932 920 927 155
156 878 867 879 156
157 891 885 899 157
158 680 709 708 158
159 822 808 803 159
160 806 786 787 160
161 960 959 967 161
162 839 840 854 162
163 867 858 871 163
164 764 789 788 164
165 811 812 813 165
166 787 763 788 166
167 733 738 711 167
168 807 808 826 168
169 868 877 880 169
170 693 700 720 170
171 771 772 744 171
172 759 732 758 172
173 744 772 758 173
174 744 732 715 174
175 629 655 654 175
176 739 738 765 176
177 682 652 678 177
178 737 710 712 178
179 625 607 602 179
180 710 681 683 180
181 591 605 590 181
182 706 682 678 182
183 575 582 581 183
184 587 576 581 184
185 535 546 534 185
186 627 624 605 186
187 590 587 581 187
188 664 671 693 188
189 687 686 714 189
190 659 689 685 190
191 658 659 631 191
192 677 704 678 192
193 567 558 559 193
194 692 718 690 194
195 672 645 643 195
196 663 636 637 196
197 664 642 671 197
198 745 717 746 198
199 662 661 635 199
200 748 720 727 200
201 714 742 743 201
202 775 747 748 202
203 769 770 742 203
204 719 746 718 204
205 773 775 796 205
206 717 716 689 206
207 745 769 742 207
208 699 721 726 208
209 754 779 753 209
210 700 727 720 210
211 778 777 799 211
212 667 668 697 212
213 776 798 775 213
214 724 698 699 214
215 749 722 750 215
216 727 728 753 216
217 749 721 722 217
218 703 729 728 218
219 729 754 728 219
220 748 727 753 220
221 700 702 727 221
222 669 698 697 222
223 644 673 672 223
224 667 641 668 224
225 663 660 636 225
226 597 614 596 226
227 595 613 608 227
228 613 636 632 228
229 610 609 633 229
230 593 608 594 230
231 625 626 652 231
232 550 540 541 232
233 528 527 515 233
234 264 265 288 234
235 697 668 669 235
236 676 701 673 236
237 644 672 643 237
238 701 702 674 238
239 619 620 599 239
240 637 614 615 240
241 621 645 647 241
242 515 514 501 242
243 484 501 483 243
244 510 495 496 244
245 476 477 495 245
246 478 457 463 246
247 419 400 420 247
248 442 422 437 248
249 383 402 385 249
250 330 309 331 250
251 363 365 347 251
252 424 423 443 252
253 345 364 348 253
254 514 527 526 254
255 523 526 536 255
256 538 526 527 256
257 499 496 482 257
258 480 481 462 258
259 425 407 405 259
260 497 512 511 260
261 510 513 523 261
262 350 335 336 262
263 333 349 337 263
264 221 222 248 264
265 350 351 368 265
266 639 638 665 266
267 639 665 666 267
268 29 34 54 268
269 59 34 57 269
270 58 33 35 270
271 249 223 247 271
272 93 92 58 272
273 350 368 361 273
274 357 355 372 274
275 153 126 154 275
276 154 126 127 276
277 493 503 487 277
278 470 449 448 278
279 517 504 516 279
280 488 469 487 280
281 315 316 335 281
282 317 295 318 282
283 367 366 387 283
284 366 349 348 284
285 313 333 319 285
286 332 329 345 286
287 317 318 336 287
288 319 333 337 288
289 468 487 469 289
290 497 481 498 290
291 552 542 544 291
292 511 512 525 292
293 574 579 575 293
294 634 633 661 294
295 536 537 525 295
296 522 509 511 296
297 576 569 575 297
298 530 531 517 298
299 508 503 493 299
300 530 516 521 300
301 516 504 503 301
302 533 530 521 302
303 472 451 450 303
304 292 315 314 304
305 324 342 340 305
306 263 283 285 306
307 334 315 335 307
308 259 260 284 308
309 302 284 307 309
310 273 276 296 310
311 251 250 273 311
312 228 227 215 312
313 281 280 303 313
314 233 234 214 314
315 228 254 253 315
316 152 153 178 316
317 192 195 174 317
318 199 200 216 318
319 145 146 173 319
320 285 262 263 320
321 179 154 180 321
322 97 61 62 322
323 179 180 200 323
324 97 96 61 324
325 235 216 217 325
326 199 179 200 326
327 235 217 236 327
328 201 180 181 328
329 91 56 90 329
330 31 13 12 330
331 59 57 92 331
332 56 32 31 332
333 54 34 59 333
334 145 119 146 334
335 56 55 32 335
336 146 119 120 336
337 139 160 166 337
338 82 85 52 338
339 64 36 63 339
340 207 187 193 340
341 130 139 113 341
342 139 140 114 342
343 143 142 116 343
344 85 114 117 344
345 109 76 84 345
346 83 51 52 346
347 165 164 189 347
348 143 117 140 348
349 51 46 28 349
350 164 135 136 350
351 47 46 76 351
352 109 108 77 352
353 47 76 77 353
354 24 23 47 354
355 48 77 75 355
356 106 107 135 356
357 112 80 106 357
358 75 77 108 358
359 138 135 164 359
360 109 77 76 360
361 78 80 110 361
362 106 135 112 362
363 79 78 110 363
364 18 40 39 364
365 111 79 110 365
366 111 100 79 366
367 68 69 102 367
368 100 65 79 368
369 1069 1067 1076 369
370 39 40 68 370
371 49 79 65 371
372 40 69 68 372
373 102 132 103 373
374 230 229 259 374
375 133 132 162 375
376 101 69 67 376
377 70 102 103 377
378 69 101 102 378
379 49 78 79 379
380 197 213 196 380
381 228 255 256 381
382 208 191 209 382
383 204 203 224 383
384 225 206 204 384
385 198 196 213 385
386 183 159 186 386
387 177 196 198 387
388 128 121 148 388
389 188 189 208 389
390 176 175 150 390
391 184 185 158 391
392 129 98 121 392
393 183 184 157 393
394 1069 1071 1063 394
395 1097 1093 1091 395
396 1096 1092 1090 396
397 1091 1093 1086 397
398 1085 1092 1091 398
399 1097 1098 1093 399
400 1056 1066 1057 400
401 353 339 340 401
402 374 372 392 402
403 1063 1071 1070 403
404 1067 1059 1058 404
405 370 353 354 405
406 355 341 356 406
407 353 340 354 407
408 304 300 281 408
409 326 343 341 409
410 322 321 300 410
411 303 325 326 411
412 344 328 327 412
413 370 371 390 413
414 374 392 393 414
415 340 342 354 415
416 324 322 301 416
417 367 388 368 417
418 429 428 449 418
419 373 356 361 419
420 328 343 325 420
421 389 409 397 421
422 413 398 418 422
423 393 412 391 423
424 432 418 436 424
425 472 471 490 425
426 471 470 489 426
427 566 573 565 427
428 506 490 505 428
429 561 568 569 429
430 491 507 492 430
431 519 532 520 431
432 562 563 554 432
433 1051 1041 1042 433
434 786 790 766 434
435 959 954 968 435
436 976 990 974 436
437 766 761 786 437
438 734 735 761 438
439 790 809 791 439
440 884 883 897 440
441 909 910 896 441
442 1027 1016 1017 442
443 949 942 953 443
444 941 928 939 444
445 945 946 934 445
446 945 935 947 446
447 1022 1021 1010 447
448 946 945 958 448
449 933 930 935 449
450 972 971 956 450
451 957 944 946 451
452 934 933 945 452
453 968 954 970 453
454 947 962 961 454
455 987 988 1003 455
456 1003 988 995 456
457 1034 1045 1044 457
458 984 969 968 458
459 967 959 968 459
460 983 985 999 460
461 960 975 959 461
462 983 969 985 462
463 983 967 969 463
464 992 1004 989 464
465 977 967 983 465
466 1009 993 994 466
467 1049 1053 1043 467
468 1019 1018 1008 468
469 1031 1032 1043 469
470 1041 1029 1030 470
471 1017 1005 1009 471
472 1014 1000 1002 472
473 1047 1037 1044 473
474 1026 1014 1015 474
475 1047 1057 1058 475
476 1055 1045 1046 476
477 1075 1082 1083 477
478 864 876 875 478
479 864 863 852 479
480 848 833 834 480
481 886 887 873 481
482 862 875 874 482
483 863 864 875 483
484 888 901 886 484
485 875 888 874 485
486 889 902 888 486
487 837 851 836 487
488 861 874 872 488
489 863 862 850 489
490 863 875 862 490
491 844 847 859 491
492 862 874 861 492
493 821 837 836 493
494 852 863 851 494
495 820 836 819 495
496 820 821 836 496
497 836 851 850 497
498 837 852 851 498
499 802 801 781 499
500 820 801 802 500
501 801 819 800 501
502 836 850 835 502
503 782 756 757 503
504 780 781 800 504
505 756 782 781 505
506 835 818 819 506
507 798 799 818 507
508 797 796 817 508
509 798 776 779 509
510 833 815 816 510
511 773 745 746 511
512 794 815 814 512
513 795 816 815 513
514 818 835 817 514
515 819 836 835 515
516 850 848 834 516
517 862 861 849 517
518 848 849 833 518
519 848 862 849 519
520 815 832 814 520
521 833 849 847 521
522 831 847 844 522
523 832 833 847 523
524 831 813 812 524
525 831 844 830 525
526 845 830 846 526
527 813 831 830 527
528 771 794 772 528
529 793 815 794 529
530 783 792 804 530
531 772 794 792 531
532 812 811 792 532
533 813 830 829 533
534 829 824 811 534
535 805 785 804 535
536 823 824 839 536
537 804 811 824 537
538 789 785 803 538
539 804 824 805 539
540 824 829 840 540
541 811 813 829 541
542 829 845 840 542
543 829 830 845 543
544 839 854 853 544
545 858 860 871 545
546 822 823 838 546
547 824 840 839 547
548 879 867 871 548
549 871 873 885 549
550 868 855 865 550
551 854 845 858 551
552 891 879 885 552
553 883 869 882 553
554 886 873 872 554
555 873 871 860 555
556 844 846 830 556
557 859 860 846 557
558 874 886 872 558
559 887 885 873 559
560 866 858 867 560
561 845 860 858 561
562 901 887 886 562
563 888 886 874 563
564 888 902 901 564
565 913 901 902 565
566 912 924 911 566
567 912 900 901 567
568 913 912 901 568
569 911 899 900 569
570 925 912 913 570
571 925 924 912 571
572 912 911 900 572
573 924 926 915 573
574 937 926 924 574
575 911 904 899 575
576 907 918 916 576
577 911 915 904 577
578 911 924 915 578
579 904 891 899 579
580 904 915 914 580
581 881 877 890 581
582 890 891 903 582
583 891 890 879 583
584 894 893 906 584
585 890 877 878 585
586 890 893 881 586
587 903 893 890 587
588 903 914 906 588
589 906 907 894 589
590 868 869 856 590
591 904 914 903 591
592 917 918 907 592
593 950 937 938 593
594 951 965 952 594
595 903 906 893 595
596 914 917 906 596
597 951 952 941 597
598 926 917 914 598
599 926 928 917 599
600 937 939 926 600
601 937 950 939 601
602 917 928 918 602
603 926 939 928 603
604 950 951 939 604
605 950 965 951 605
606 927 929 940 606
607 918 928 929 607
608 943 940 952 608
609 929 928 941 609
610 909 896 895 610
611 918 929 927 611
612 920 916 927 612
613 918 927 916 613
614 882 880 892 614
615 892 894 905 615
616 921 909 919 616
617 895 892 905 617
618 905 894 907 618
619 881 893 894 619
620 905 907 916 620
621 906 917 907 621
622 894 892 881 622
623 895 896 882 623
624 908 905 916 624
625 908 895 905 625
626 881 880 877 626
627 892 895 882 627
628 841 855 843 628
629 868 880 869 629
630 843 856 857 630
631 883 882 896 631
632 869 880 882 632
633 884 870 883 633
634 857 856 870 634
635 897 883 896 635
636 870 869 883 636
637 809 827 810 637
638 842 843 857 638
639 767 790 791 639
640 825 842 827 640
641 735 736 762 641
642 766 767 741 642
643 809 825 827 643
644 808 788 789 644
645 825 807 826 645
646 806 787 807 646
647 806 825 809 647
648 806 807 825 648
649 807 787 788 649
650 786 761 762 650
651 739 765 764 651
652 785 805 803 652
653 788 808 807 653
654 789 803 808 654
655 828 826 822 655
656 842 825 826 656
657 843 828 841 657
658 826 808 822 658
659 843 855 856 659
660 853 854 866 660
661 838 828 822 661
662 843 842 828 662
663 855 868 856 663
664 865 866 878 664
665 841 853 855 665
666 854 858 866 666
667 868 865 877 667
668 866 867 878 668
669 877 865 878 669
670 855 853 865 670
671 765 760 785 671
672 759 731 732 672
673 838 823 839 673
674 803 805 823 674
675 865 853 866 675
676 841 838 853 676
677 853 838 839 677
678 841 828 838 678
679 732 744 758 679
680 743 770 771 680
681 783 759 758 681
682 656 657 630 682
683 785 784 804 683
684 758 772 783 684
685 705 687 715 685
686 715 687 714 686
687 732 705 715 687
688 705 677 687 688
689 731 705 732 689
690 704 677 705 690
691 706 731 733 691
692 704 705 731 692
693 731 706 704 693
694 684 712 683 694
695 733 711 706 695
696 654 683 653 696
697 784 759 783 697
698 760 738 733 698
699 804 784 783 699
700 785 789 765 700
701 759 733 731 701
702 759 784 760 702
703 759 760 733 703
704 784 785 760 704
705 764 765 789 705
706 738 760 765 706
707 763 737 764 707
708 712 738 739 708
709 739 737 712 709
710 739 764 737 710
711 788 763 764 711
712 762 761 735 712
713 763 736 737 713
714 763 762 736 714
715 787 762 763 715
716 787 786 762 716
717 683 681 653 717
718 680 679 650 718
719 710 709 681 719
720 736 735 709 720
721 681 651 653 721
722 681 709 680 722
723 706 711 682 723
724 738 712 711 724
725 711 684 682 725
726 711 712 684 726
727 655 684 654 727
728 684 683 654 728
729 712 710 683 729
730 737 736 710 730
731 653 628 654 731
732 629 607 625 732
733 592 607 606 733
734 629 654 628 734
735 627 628 653 735
736 607 629 628 736
737 605 606 627 737
738 582 575 579 738
739 628 627 606 739
740 651 624 627 740
741 623 601 624 741
742 588 592 582 742
743 590 581 591 743
744 576 575 581 744
745 575 569 574 745
746 563 571 572 746
747 624 601 605 747
748 563 572 564 748
749 602 607 592 749
750 591 582 592 750
751 588 602 592 751
752 588 582 579 752
753 592 606 591 753
754 605 591 606 754
755 581 582 591 755
756 589 603 602 756
757 604 626 603 757
758 579 580 588 758
759 589 602 588 759
760 625 652 629 760
761 589 604 603 761
762 704 706 678 762
763 603 625 602 763
764 603 626 625 764
765 652 655 629 765
766 682 684 655 766
767 713 686 685 767
768 687 657 686 768
769 631 656 630 769
770 685 689 713 770
771 611 610 634 771
772 631 611 634 772
773 689 688 717 773
774 637 664 663 774
775 691 717 688 775
776 690 662 660 776
777 661 633 635 777
778 632 635 612 778
779 660 662 635 779
780 692 690 663 780
781 637 642 664 781
782 693 692 664 782
783 690 660 663 783
784 692 719 718 784
785 718 691 690 785
786 747 719 720 786
787 747 746 719 787
788 664 692 663 788
789 693 719 692 789
790 661 691 688 790
791 718 746 717 791
792 690 691 662 792
793 718 717 691 793
794 691 661 662 794
795 688 658 661 795
796 634 658 631 796
797 634 661 658 797
798 631 659 656 798
799 658 688 659 799
800 713 689 716 800
801 659 688 689 801
802 742 713 716 802
803 714 686 713 803
804 657 685 686 804
805 656 659 685 805
806 717 745 716 806
807 773 747 775 807
808 745 742 716 808
809 770 743 742 809
810 793 771 770 810
811 793 794 771 811
812 742 714 713 812
813 743 715 714 813
814 816 797 817 814
815 795 793 774 815
816 795 797 816 816
817 795 774 797 817
818 797 774 796 818
819 793 770 769 819
820 776 775 748 820
821 747 720 748 821
822 753 776 748 822
823 796 774 773 823
824 769 773 774 824
825 746 747 773 825
826 773 769 745 826
827 774 793 769 827
828 752 749 777 828
829 755 756 780 829
830 726 749 752 830
831 777 780 799 831
832 779 776 753 832
833 779 799 798 833
834 799 780 800 834
835 777 755 780 835
836 818 799 800 836
837 779 778 799 837
838 817 798 818 838
839 796 775 798 839
840 750 755 777 840
841 757 755 730 841
842 730 750 722 842
843 730 755 750 843
844 722 721 694 844
845 725 699 726 845
846 699 694 721 846
847 778 752 777 847
848 726 721 749 848
849 751 752 778 849
850 751 725 752 850
851 694 699 670 851
852 725 724 699 852
853 698 670 699 853
854 729 723 751 854
855 697 698 724 855
856 752 725 726 856
857 751 724 725 857
858 696 695 723 858
859 724 751 723 859
860 778 754 751 860
861 701 672 673 861
862 728 754 753 862
863 729 751 754 863
864 648 666 676 864
865 723 729 703 865
866 728 701 703 866
867 647 675 646 867
868 728 702 701 868
869 728 727 702 869
870 670 698 669 870
871 723 697 724 871
872 723 695 697 872
873 703 696 723 873
874 665 640 667 874
875 701 676 703 875
876 666 665 695 876
877 695 667 697 877
878 695 696 666 878
879 695 665 667 879
880 648 673 644 880
881 676 666 696 881
882 648 639 666 882
883 638 640 665 883
884 641 667 640 884
885 617 622 644 885
886 648 644 622 886
887 643 645 618 887
888 620 619 646 888
889 645 672 674 889
890 646 621 647 890
891 618 616 643 891
892 703 676 696 892
893 673 648 676 893
894 675 674 702 894
895 647 645 674 895
896 671 675 700 896
897 647 674 675 897
898 693 671 700 898
899 642 646 671 899
900 595 596 613 900
901 597 599 615 901
902 593 595 608 902
903 614 636 613 903
904 613 632 608 904
905 660 635 632 905
906 608 612 594 906
907 635 633 612 907
908 612 609 594 908
909 550 541 551 909
910 485 466 467 910
911 550 549 540 911
912 538 527 539 912
913 565 556 557 913
914 549 539 540 914
915 558 566 557 915
916 548 538 549 916
917 642 615 620 917
918 642 637 615 918
919 596 614 613 919
920 528 540 539 920
921 541 540 529 921
922 467 486 485 922
923 528 539 527 923
924 486 502 485 924
925 500 514 513 925
926 529 540 528 926
927 500 501 514 927
928 515 527 514 928
929 536 526 538 929
930 525 512 523 930
931 484 465 485 931
932 502 515 501 932
933 510 499 513 933
934 482 483 500 934
935 510 523 512 935
936 513 526 523 936
937 502 484 485 937
938 483 482 463 938
939 457 440 445 939
940 501 484 502 940
941 464 465 484 941
942 484 483 464 942
943 501 500 483 943
944 597 586 599 944
945 593 583 595 945
946 615 599 620 946
947 586 598 599 947
948 614 597 615 948
949 585 586 597 949
950 583 584 595 950
951 585 597 596 951
952 596 584 585 952
953 596 595 584 953
954 648 622 639 954
955 644 643 617 955
956 645 621 618 956
957 646 619 621 957
958 599 598 619 958
959 616 617 643 959
960 600 618 621 960
961 619 600 621 961
962 478 482 496 962
963 460 476 480 963
964 445 463 457 964
965 482 478 463 965
966 477 455 456 966
967 457 478 456 967
968 442 460 459 968
969 455 454 438 969
970 456 455 439 970
971 477 476 455 971
972 420 437 419 972
973 438 420 439 973
974 438 437 420 974
975 478 477 456 975
976 381 400 399 976
977 240 267 266 977
978 239 265 238 978
979 239 266 265 979
980 240 239 218 980
981 240 266 239 981
982 239 238 218 982
983 241 268 243 983
984 310 288 289 984
985 265 264 238 985
986 269 290 268 986
987 289 288 265 987
988 310 287 288 988
989 381 399 380 989
990 421 423 402 990
991 399 382 380 991
992 399 419 401 992
993 400 419 399 993
994 422 441 421 994
995 289 311 310 995
996 402 423 403 996
997 346 330 347 997
998 310 311 331 998
999 310 309 287 999
1000 331 347 330 1000
1001 287 309 308 1001
1002 287 308 286 1002
1003 309 330 329 1003
1004 286 308 290 1004
1005 242 244 268 1005
1006 286 290 269 1006
1007 308 329 312 1007
1008 345 329 330 1008
1009 329 308 309 1009
1010 386 385 403 1010
1011 363 362 383 1011
1012 364 365 386 1012
1013 346 347 365 1013
1014 346 345 330 1014
1015 312 290 308 1015
1016 363 383 385 1016
1017 422 419 437 1017
1018 444 426 424 1018
1019 385 402 403 1019
1020 383 384 402 1020
1021 382 399 401 1021
1022 419 422 401 1022
1023 437 454 442 1023
1024 362 384 383 1024
1025 401 422 421 1025
1026 438 454 437 1026
1027 455 476 454 1027
1028 476 460 454 1028
1029 459 441 442 1029
1030 500 499 482 1030
1031 495 477 496 1031
1032 462 459 480 1032
1033 442 454 460 1033
1034 513 499 500 1034
1035 510 496 499 1035
1036 442 441 422 1036
1037 443 423 441 1037
1038 480 459 460 1038
1039 462 443 459 1039
1040 348 364 366 1040
1041 346 365 364 1041
1042 364 386 366 1042
1043 365 385 386 1043
1044 367 349 366 1044
1045 333 332 348 1045
1046 386 387 366 1046
1047 404 403 424 1047
1048 349 367 351 1048
1049 387 405 388 1049
1050 368 388 389 1050
1051 367 387 388 1051
1052 337 349 351 1052
1053 333 348 349 1053
1054 336 337 351 1054
1055 318 319 337 1055
1056 317 336 335 1056
1057 318 337 336 1057
1058 332 312 329 1058
1059 332 333 313 1059
1060 364 345 346 1060
1061 348 332 345 1061
1062 312 332 313 1062
1063 295 319 318 1063
1064 295 313 319 1064
1065 241 242 268 1065
1066 244 269 268 1066
1067 219 241 222 1067
1068 221 248 247 1068
1069 334 335 350 1069
1070 219 242 241 1070
1071 222 241 243 1071
1072 222 221 219 1072
1073 223 219 221 1073
1074 221 247 223 1074
1075 125 95 126 1075
1076 316 317 335 1076
1077 294 295 317 1077
1078 97 127 96 1078
1079 294 316 293 1079
1080 294 317 316 1080
1081 272 271 292 1081
1082 126 95 127 1082
1083 35 33 14 1083
1084 35 60 58 1084
1085 95 93 60 1085
1086 127 95 96 1086
1087 125 94 92 1087
1088 155 154 127 1088
1089 92 93 125 1089
1090 58 60 93 1090
1091 59 92 94 1091
1092 258 237 245 1092
1093 291 305 282 1093
1094 180 154 155 1094
1095 245 246 270 1095
1096 247 271 249 1096
1097 272 249 271 1097
1098 291 292 314 1098
1099 293 316 315 1099
1100 315 292 293 1100
1101 291 272 292 1101
1102 361 368 378 1102
1103 351 367 368 1103
1104 351 350 336 1104
1105 361 356 343 1105
1106 361 344 350 1106
1107 314 315 334 1107
1108 327 314 334 1108
1109 305 291 314 1109
1110 409 408 428 1110
1111 407 425 427 1111
1112 368 389 378 1112
1113 388 407 389 1113
1114 410 397 409 1114
1115 389 408 409 1115
1116 488 470 469 1116
1117 488 504 489 1117
1118 503 504 488 1118
1119 505 490 489 1119
1120 488 489 470 1120
1121 504 505 489 1121
1122 448 447 469 1122
1123 479 481 497 1123
1124 468 458 475 1124
1125 509 522 508 1125
1126 470 448 469 1126
1127 428 408 427 1127
1128 426 447 425 1128
1129 407 388 405 1129
1130 406 425 405 1130
1131 427 448 428 1131
1132 406 426 425 1132
1133 468 469 447 1133
1134 407 427 408 1134
1135 447 448 427 1135
1136 387 406 405 1136
1137 424 443 444 1137
1138 424 426 406 1138
1139 446 468 447 1139
1140 444 446 426 1140
1141 475 479 494 1141
1142 404 424 406 1142
1143 403 423 424 1143
1144 462 444 443 1144
1145 462 461 444 1145
1146 387 404 406 1146
1147 386 403 404 1147
1148 444 461 446 1148
1149 481 480 498 1149
1150 495 498 480 1150
1151 510 512 498 1151
1152 462 481 461 1152
1153 498 512 497 1153
1154 509 494 497 1154
1155 479 461 481 1155
1156 494 479 497 1156
1157 475 487 468 1157
1158 446 458 468 1158
1159 461 479 458 1159
1160 511 509 497 1160
1161 493 475 494 1161
1162 479 475 458 1162
1163 493 487 475 1163
1164 549 550 558 1164
1165 537 524 525 1165
1166 494 509 493 1166
1167 511 524 522 1167
1168 546 535 547 1168
1169 521 516 508 1169
1170 548 536 538 1170
1171 537 535 524 1171
1172 550 559 558 1172
1173 547 537 548 1173
1174 548 537 536 1174
1175 547 535 537 1175
1176 566 558 567 1176
1177 550 551 559 1177
1178 549 558 548 1178
1179 574 580 579 1179
1180 574 573 580 1180
1181 557 547 548 1181
1182 573 566 567 1182
1183 546 552 544 1183
1184 558 557 548 1184
1185 566 565 557 1185
1186 574 569 568 1186
1187 547 557 556 1187
1188 573 574 568 1188
1189 547 556 546 1189
1190 570 569 576 1190
1191 565 568 560 1191
1192 565 573 568 1192
1193 535 534 524 1193
1194 508 493 509 1194
1195 534 521 522 1195
1196 516 503 508 1196
1197 524 534 522 1197
1198 522 521 508 1198
1199 531 542 543 1199
1200 534 533 521 1200
1201 534 546 544 1201
1202 516 530 517 1202
1203 533 542 530 1203
1204 544 542 533 1204
1205 560 556 565 1205
1206 534 544 533 1206
1207 546 556 552 1207
1208 545 552 553 1208
1209 552 556 560 1209
1210 561 553 560 1210
1211 543 542 552 1211
1212 562 561 570 1212
1213 560 568 561 1213
1214 343 356 341 1214
1215 361 378 373 1215
1216 326 325 343 1216
1217 327 305 314 1217
1218 374 357 372 1218
1219 342 341 355 1219
1220 350 344 334 1220
1221 361 343 344 1221
1222 302 325 303 1222
1223 307 328 325 1223
1224 323 326 341 1224
1225 303 280 302 1225
1226 304 281 303 1226
1227 280 256 279 1227
1228 326 323 304 1228
1229 277 299 298 1229
1230 302 280 279 1230
1231 299 300 321 1231
1232 342 324 341 1232
1233 301 300 304 1233
1234 322 324 340 1234
1235 323 341 324 1235
1236 326 304 303 1236
1237 323 301 304 1237
1238 324 301 323 1238
1239 322 300 301 1239
1240 395 396 376 1240
1241 321 322 339 1241
1242 338 321 339 1242
1243 299 278 300 1243
1244 320 298 321 1244
1245 376 396 377 1245
1246 297 296 320 1246
1247 274 296 297 1247
1248 276 298 296 1248
1249 375 369 390 1249
1250 275 274 297 1250
1251 256 257 254 1251
1252 257 281 278 1252
1253 250 253 273 1253
1254 254 276 253 1254
1255 206 186 204 1255
1256 253 276 273 1256
1257 257 278 277 1257
1258 281 300 278 1258
1259 298 299 321 1259
1260 298 276 277 1260
1261 228 256 254 1261
1262 280 281 257 1262
1263 299 277 278 1263
1264 276 254 277 1264
1265 284 302 279 1265
1266 284 285 307 1266
1267 233 261 234 1267
1268 279 255 261 1268
1269 279 256 255 1269
1270 280 257 256 1270
1271 227 228 253 1271
1272 234 255 228 1272
1273 250 224 227 1273
1274 215 234 228 1274
1275 203 198 214 1275
1276 214 234 215 1276
1277 211 232 229 1277
1278 259 284 261 1278
1279 259 233 230 1279
1280 259 261 233 1280
1281 213 197 208 1281
1282 208 197 188 1282
1283 212 231 232 1283
1284 210 192 199 1284
1285 232 260 259 1285
1286 231 235 260 1286
1287 261 284 279 1287
1288 260 262 284 1288
1289 229 232 259 1289
1290 194 173 195 1290
1291 236 263 262 1291
1292 258 270 282 1292
1293 235 236 262 1293
1294 217 201 202 1294
1295 260 235 262 1295
1296 216 200 217 1296
1297 307 285 306 1297
1298 258 245 270 1298
1299 305 327 306 1299
1300 344 343 328 1300
1301 306 285 283 1301
1302 284 262 285 1302
1303 328 307 306 1303
1304 325 302 307 1304
1305 344 327 334 1305
1306 328 306 327 1306
1307 306 282 305 1307
1308 283 258 282 1308
1309 263 258 283 1309
1310 180 155 181 1310
1311 245 237 220 1311
1312 263 237 258 1312
1313 263 236 237 1313
1314 202 201 181 1314
1315 217 200 201 1315
1316 178 153 179 1316
1317 178 179 199 1317
1318 153 154 179 1318
1319 192 178 199 1319
1320 174 146 147 1320
1321 231 216 235 1321
1322 210 195 192 1322
1323 147 170 174 1323
1324 199 216 210 1324
1325 231 210 216 1325
1326 231 212 210 1326
1327 147 146 120 1327
1328 195 173 174 1328
1329 207 211 229 1329
1330 174 173 146 1330
1331 195 212 194 1331
1332 95 125 93 1332
1333 126 153 125 1333
1334 170 152 178 1334
1335 124 91 90 1335
1336 192 170 178 1336
1337 192 174 170 1337
1338 124 147 120 1338
1339 152 170 147 1339
1340 90 59 94 1340
1341 90 54 59 1341
1342 124 89 91 1342
1343 147 124 152 1343
1344 120 89 124 1344
1345 54 56 31 1345
1346 31 32 13 1346
1347 29 31 12 1347
1348 29 54 31 1348
1349 90 56 54 1349
1350 91 55 56 1350
1351 86 89 120 1351
1352 85 82 114 1352
1353 53 55 89 1353
1354 91 89 55 1354
1355 120 119 86 1355
1356 30 53 36 1356
1357 30 55 53 1357
1358 99 63 86 1358
1359 53 89 86 1359
1360 53 63 36 1360
1361 86 118 99 1361
1362 99 118 130 1362
1363 86 119 118 1363
1364 113 99 130 1364
1365 99 81 64 1365
1366 113 139 114 1366
1367 160 144 171 1367
1368 63 99 64 1368
1369 83 52 85 1369
1370 28 22 11 1370
1371 11 22 5 1371
1372 114 82 113 1372
1373 114 140 117 1373
1374 160 130 144 1374
1375 166 167 140 1375
1376 142 115 116 1376
1377 117 116 85 1377
1378 84 76 83 1378
1379 139 166 140 1379
1380 187 190 166 1380
1381 207 190 187 1381
1382 143 140 167 1382
1383 191 169 190 1383
1384 168 141 142 1384
1385 119 145 118 1385
1386 193 194 211 1386
1387 118 144 130 1387
1388 172 173 194 1388
1389 166 160 187 1389
1390 144 145 172 1390
1391 187 160 171 1391
1392 139 130 160 1392
1393 211 212 232 1393
1394 195 210 212 1394
1395 211 194 212 1395
1396 194 193 172 1396
1397 144 172 171 1397
1398 145 173 172 1398
1399 171 193 187 1399
1400 171 172 193 1400
1401 230 209 229 1401
1402 190 167 166 1402
1403 229 209 207 1403
1404 169 167 190 1404
1405 207 209 190 1405
1406 197 196 176 1406
1407 230 208 209 1407
1408 168 169 191 1408
1409 169 142 143 1409
1410 169 168 142 1410
1411 189 168 191 1411
1412 141 115 142 1412
1413 162 161 188 1413
1414 164 168 189 1414
1415 132 131 161 1415
1416 138 164 165 1416
1417 137 138 165 1417
1418 112 135 138 1418
1419 141 136 115 1419
1420 135 107 108 1420
1421 135 108 136 1421
1422 107 75 108 1422
1423 74 75 107 1423
1424 45 48 75 1424
1425 85 116 83 1425
1426 117 143 116 1426
1427 116 84 83 1427
1428 115 136 109 1428
1429 164 141 168 1429
1430 164 136 141 1430
1431 115 109 84 1431
1432 136 108 109 1432
1433 28 46 22 1433
1434 51 76 46 1434
1435 6 7 23 1435
1436 5 22 7 1436
1437 24 8 23 1437
1438 1 6 8 1438
1439 9 8 24 1439
1440 6 23 8 1440
1441 1 8 2 1441
1442 77 48 47 1442
1443 25 9 24 1443
1444 24 48 25 1444
1445 24 47 48 1445
1446 8 9 2 1446
1447 25 45 21 1447
1448 74 45 75 1448
1449 25 48 45 1449
1450 73 74 106 1450
1451 44 45 74 1451
1452 80 73 106 1452
1453 74 107 106 1453
1454 80 50 73 1454
1455 20 21 44 1455
1456 15 37 38 1456
1457 44 74 43 1457
1458 43 74 73 1458
1459 44 43 20 1459
1460 10 15 16 1460
1461 73 42 43 1461
1462 110 80 112 1462
1463 78 50 80 1463
1464 49 50 78 1464
1465 42 73 50 1465
1466 26 15 10 1466
1467 42 50 27 1467
1468 15 26 37 1468
1469 27 50 49 1469
1470 66 65 100 1470
1471 112 137 110 1471
1472 100 101 67 1472
1473 37 49 65 1473
1474 26 27 49 1474
1475 38 37 66 1475
1476 26 49 37 1476
1477 161 131 137 1477
1478 111 110 137 1478
1479 165 161 137 1479
1480 132 102 101 1480
1481 131 100 111 1481
1482 67 66 100 1482
1483 38 66 67 1483
1484 37 65 66 1484
1485 15 38 16 1485
1486 18 39 17 1486
1487 16 4 10 1487
1488 1100 1104 1101 1488
1489 1095 1099 1100 1489
1490 10 4 3 1490
1491 17 39 19 1491
1492 70 68 102 1492
1493 1103 1105 1106 1493
1494 105 87 72 1494
1495 68 41 39 1495
1496 41 19 39 1496
1497 131 101 100 1497
1498 131 132 101 1498
1499 71 70 103 1499
1500 41 68 70 1500
1501 67 40 38 1501
1502 67 69 40 1502
1503 38 40 18 1503
1504 133 134 105 1504
1505 121 149 148 1505
1506 134 133 162 1506
1507 104 103 133 1507
1508 150 122 134 1508
1509 105 72 104 1509
1510 191 208 189 1510
1511 230 233 213 1511
1512 188 197 176 1512
1513 208 230 213 1513
1514 162 188 163 1514
1515 165 189 188 1515
1516 188 161 165 1516
1517 162 132 161 1517
1518 214 213 233 1518
1519 214 198 213 1519
1520 188 176 163 1520
1521 196 175 176 1521
1522 151 175 177 1522
1523 149 150 175 1523
1524 163 150 134 1524
1525 163 176 150 1525
1526 88 122 123 1526
1527 105 134 122 1527
1528 122 87 105 1528
1529 104 72 71 1529
1530 215 203 214 1530
1531 182 177 198 1531
1532 159 182 186 1532
1533 250 227 253 1533
1534 186 182 204 1534
1535 159 156 151 1535
1536 182 203 204 1536
1537 215 227 224 1537
1538 224 203 215 1538
1539 182 198 203 1539
1540 252 226 251 1540
1541 204 224 225 1541
1542 252 274 275 1542
1543 273 296 274 1543
1544 274 251 273 1544
1545 225 224 250 1545
1546 252 251 274 1546
1547 225 250 251 1547
1548 226 225 251 1548
1549 226 205 206 1549
1550 226 206 225 1550
1551 186 205 183 1551
1552 186 206 205 1552
1553 159 183 156 1553
1554 205 185 184 1554
1555 157 184 158 1555
1556 183 205 184 1556
1557 159 177 182 1557
1558 175 196 177 1558
1559 159 151 177 1559
1560 148 149 175 1560
1561 156 148 151 1561
1562 156 157 128 1562
1563 129 157 158 1563
1564 156 183 157 1564
1565 88 123 98 1565
1566 122 150 123 1566
1567 87 122 88 1567
1568 121 128 129 1568
1569 148 156 128 1569
1570 123 121 98 1570
1571 123 149 121 1571
1572 157 129 128 1572
1573 1100 1103 1104 1573
1574 1105 1103 1102 1574
1575 1098 1097 1101 1575
1576 1104 1103 1106 1576
1577 1089 1094 1095 1577
1578 1102 1103 1100 1578
1579 1080 1071 1079 1579
1580 1077 1085 1084 1580
1581 1093 1087 1086 1581
1582 1096 1097 1092 1582
1583 1096 1101 1097 1583
1584 1096 1100 1101 1584
1585 1096 1095 1100 1585
1586 1096 1090 1089 1586
1587 1099 1095 1094 1587
1588 1102 1100 1099 1588
1589 1085 1090 1092 1589
1590 1088 1094 1089 1590
1591 1089 1082 1088 1591
1592 1077 1076 1068 1592
1593 1096 1089 1095 1593
1594 1090 1082 1089 1594
1595 1066 1065 1068 1595
1596 1082 1090 1083 1596
1597 1074 1083 1077 1597
1598 1074 1075 1083 1598
1599 1072 1075 1074 1599
1600 1081 1082 1075 1600
1601 1084 1078 1076 1601
1602 1086 1079 1078 1602
1603 1071 1069 1078 1603
1604 1068 1074 1077 1604
1605 1067 1066 1076 1605
1606 1066 1056 1065 1606
1607 1080 1070 1071 1607
1608 1071 1078 1079 1608
1609 1085 1091 1084 1609
1610 1086 1078 1084 1610
1611 1084 1091 1086 1611
1612 1092 1097 1091 1612
1613 1083 1085 1077 1613
1614 1083 1090 1085 1614
1615 1050 1040 1041 1615
1616 1060 1050 1051 1616
1617 1087 1080 1079 1617
1618 1060 1061 1070 1618
1619 1063 1053 1059 1619
1620 1020 1031 1019 1620
1621 1051 1042 1053 1621
1622 1053 1063 1061 1622
1623 1078 1069 1076 1623
1624 1063 1059 1069 1624
1625 1006 1004 1008 1625
1626 1018 1019 1029 1626
1627 1061 1051 1053 1627
1628 1041 1030 1042 1628
1629 1070 1062 1060 1629
1630 1052 1050 1060 1630
1631 1060 1051 1061 1631
1632 1050 1041 1051 1632
1633 395 415 396 1633
1634 415 416 396 1634
1635 360 376 377 1635
1636 1052 1060 1062 1636
1637 369 352 353 1637
1638 338 339 352 1638
1639 375 358 369 1639
1640 360 359 376 1640
1641 359 375 376 1641
1642 394 390 411 1642
1643 370 369 353 1643
1644 352 339 353 1644
1645 411 414 394 1645
1646 358 352 369 1646
1647 376 375 395 1647
1648 359 358 375 1648
1649 390 371 391 1649
1650 357 342 355 1650
1651 391 411 390 1651
1652 391 412 411 1652
1653 371 370 354 1653
1654 390 369 370 1654
1655 415 434 416 1655
1656 452 436 453 1656
1657 415 414 433 1657
1658 395 375 394 1658
1659 395 394 414 1659
1660 375 390 394 1660
1661 432 436 452 1661
1662 435 451 453 1662
1663 434 433 452 1663
1664 433 431 452 1664
1665 412 432 431 1665
1666 412 393 413 1666
1667 371 374 391 1667
1668 392 398 413 1668
1669 391 374 393 1669
1670 371 354 357 1670
1671 371 357 374 1671
1672 354 342 357 1672
1673 418 398 417 1673
1674 379 378 397 1674
1675 436 418 435 1675
1676 432 412 413 1676
1677 432 413 418 1677
1678 393 392 413 1678
1679 389 397 378 1679
1680 450 449 471 1680
1681 418 417 435 1681
1682 398 397 417 1682
1683 398 379 397 1683
1684 392 372 373 1684
1685 379 373 378 1685
1686 379 392 373 1686
1687 470 471 449 1687
1688 489 490 471 1688
1689 410 429 430 1689
1690 409 428 429 1690
1691 435 430 451 1691
1692 429 449 450 1692
1693 397 410 417 1693
1694 409 429 410 1694
1695 417 430 435 1695
1696 429 450 430 1696
1697 506 491 490 1697
1698 491 473 472 1698
1699 472 473 451 1699
1700 474 452 453 1700
1701 532 519 518 1701
1702 507 491 506 1702
1703 517 531 518 1703
1704 531 543 532 1704
1705 473 491 492 1705
1706 472 490 491 1706
1707 517 505 504 1707
1708 517 518 505 1708
1709 518 531 532 1709
1710 530 542 531 1710
1711 545 543 552 1711
1712 681 680 651 1712
1713 709 735 708 1713
1714 554 553 562 1714
1715 552 560 553 1715
1716 734 708 735 1716
1717 679 680 708 1717
1718 569 570 561 1718
1719 576 587 577 1719
1720 651 650 624 1720
1721 651 680 650 1721
1722 601 587 590 1722
1723 578 572 571 1723
1724 605 601 590 1724
1725 707 708 734 1725
1726 707 679 708 1726
1727 649 650 679 1727
1728 576 577 570 1728
1729 561 562 553 1729
1730 570 571 562 1730
1731 507 519 520 1731
1732 507 506 519 1732
1733 555 545 554 1733
1734 474 473 492 1734
1735 453 451 473 1735
1736 555 554 564 1736
1737 545 553 554 1737
1738 577 571 570 1738
1739 577 578 571 1739
1740 741 767 768 1740
1741 554 563 564 1741
1742 562 571 563 1742
1743 587 578 577 1743
1744 974 975 960 1744
1745 1018 1007 1006 1745
1746 977 960 967 1746
1747 974 991 975 1747
1748 956 944 957 1748
1749 979 962 963 1749
1750 984 970 986 1750
1751 955 944 956 1751
1752 986 987 1002 1752
1753 986 970 971 1753
1754 957 946 958 1754
1755 934 923 933 1755
1756 973 957 958 1756
1757 971 987 986 1757
1758 961 962 980 1758
1759 988 972 973 1759
1760 973 972 957 1760
1761 970 954 955 1761
1762 971 955 956 1762
1763 957 972 956 1763
1764 988 987 972 1764
1765 955 971 970 1765
1766 972 987 971 1766
1767 734 761 740 1767
1768 767 791 768 1768
1769 791 809 810 1769
1770 806 790 786 1770
1771 806 809 790 1771
1772 761 766 740 1772
1773 790 767 766 1773
1774 910 897 896 1774
1775 898 884 897 1775
1776 919 909 908 1776
1777 910 898 897 1777
1778 923 921 933 1778
1779 908 916 920 1779
1780 921 910 909 1780
1781 922 921 919 1781
1782 923 910 921 1782
1783 933 922 930 1783
1784 933 921 922 1784
1785 944 934 946 1785
1786 935 930 936 1786
1787 922 919 931 1787
1788 935 936 948 1788
1789 930 931 942 1789
1790 947 935 948 1790
1791 945 933 935 1791
1792 940 932 927 1792
1793 919 908 920 1793
1794 942 932 943 1794
1795 931 920 932 1795
1796 942 931 932 1796
1797 930 922 931 1797
1798 932 940 943 1798
1799 929 941 940 1799
1800 953 942 943 1800
1801 936 930 942 1801
1802 966 953 952 1802
1803 949 936 942 1803
1804 982 966 965 1804
1805 964 963 949 1805
1806 966 964 953 1806
1807 948 936 949 1807
1808 953 964 949 1808
1809 966 982 964 1809
1810 949 963 948 1810
1811 964 982 981 1811
1812 981 963 964 1812
1813 998 981 982 1813
1814 978 988 973 1814
1815 981 979 963 1815
1816 979 981 996 1816
1817 963 962 948 1817
1818 958 945 947 1818
1819 958 947 961 1819
1820 947 948 962 1820
1821 958 961 973 1821
1822 962 979 980 1822
1823 981 998 996 1823
1824 995 988 978 1824
1825 961 978 973 1825
1826 980 996 997 1826
1827 980 995 978 1827
1828 1003 1002 987 1828
1829 997 1011 995 1829
1830 1002 1000 986 1830
1831 996 980 979 1831
1832 1012 996 998 1832
1833 997 995 980 1833
1834 1012 997 996 1834
1835 1011 1003 995 1835
1836 1024 1011 1012 1836
1837 1012 1011 997 1837
1838 1034 1025 1036 1838
1839 1011 1015 1003 1839
1840 999 985 1001 1840
1841 1003 1015 1002 1841
1842 1011 1024 1023 1842
1843 1011 1023 1015 1843
1844 1023 1035 1026 1844
1845 1023 1026 1015 1845
1846 1023 1024 1035 1846
1847 1036 1026 1035 1847
1848 994 999 1010 1848
1849 1001 1000 1014 1849
1850 1025 1014 1026 1850
1851 1001 985 1000 1851
1852 1025 1013 1014 1852
1853 1010 999 1013 1853
1854 970 984 968 1854
1855 986 1000 984 1855
1856 968 969 967 1856
1857 984 985 969 1857
1858 994 983 999 1858
1859 993 977 983 1859
1860 1013 1001 1014 1860
1861 1013 999 1001 1861
1862 977 974 960 1862
1863 977 993 976 1863
1864 990 976 989 1864
1865 974 977 976 1865
1866 1009 992 993 1866
1867 993 983 994 1867
1868 1007 990 989 1868
1869 991 974 990 1869
1870 991 990 1007 1870
1871 1007 989 1006 1871
1872 976 993 992 1872
1873 1005 992 1009 1873
1874 989 976 992 1874
1875 1008 1004 1016 1875
1876 1006 989 1004 1876
1877 1032 1031 1020 1877
1878 1018 1006 1008 1878
1879 1020 1019 1008 1879
1880 1030 1029 1019 1880
1881 1021 1028 1017 1881
1882 1005 1004 992 1882
1883 1017 1016 1005 1883
1884 1016 1004 1005 1884
1885 1027 1032 1020 1885
1886 1020 1008 1016 1886
1887 1010 1021 1009 1887
1888 1038 1048 1039 1888
1889 1016 1027 1020 1889
1890 1043 1053 1042 1890
1891 1027 1038 1032 1891
1892 1048 1058 1049 1892
1893 1047 1058 1048 1893
1894 1057 1067 1058 1894
1895 1019 1031 1030 1895
1896 1032 1039 1043 1896
1897 1031 1043 1042 1897
1898 1039 1049 1043 1898
1899 1048 1049 1039 1899
1900 1058 1059 1049 1900
1901 1066 1067 1057 1901
1902 1069 1059 1067 1902
1903 1072 1081 1075 1903
1904 1068 1076 1066 1904
1905 1088 1082 1081 1905
1906 1047 1054 1057 1906
1907 1054 1064 1056 1907
1908 1068 1065 1074 1908
1909 1065 1073 1072 1909
1910 1065 1072 1074 1910
1911 1065 1056 1064 1911
1912 1081 1072 1073 1912
1913 1038 1037 1048 1913
1914 1054 1056 1057 1914
1915 1044 1054 1047 1915
1916 1045 1055 1054 1916
1917 1055 1064 1054 1917
1918 1073 1065 1064 1918
1919 1028 1027 1017 1919
1920 1028 1038 1027 1920
1921 1009 1021 1017 1921
1922 1037 1047 1048 1922
1923 1032 1038 1039 1923
1924 1028 1033 1037 1924
1925 1028 1037 1038 1925
1926 1044 1045 1054 1926
1927 1013 1022 1010 1927
1928 1033 1028 1021 1928
1929 1036 1025 1026 1929
1930 1034 1033 1022 1930
1931 1021 1022 1033 1931
1932 1013 1025 1022 1932
1933 1046 1036 1035 1933
1934 1046 1034 1036 1934
1935 1025 1034 1022 1935
1936 1046 1045 1034 1936
1937 1033 1044 1037 1937
1938 1033 1034 1044 1938
1 406794.270271 3949018.045533 3.927512
2 407613.707104 3948192.899988 4.405637
3 419553.432181 3937965.253035 6.488138
4 418827.066952 3938053.923133 6.649950
5 403467.565651 3947514.147453 2.786976
6 405808.475685 3948183.704142 3.594796
7 404734.622656 3947550.223430 3.129473
8 406870.860373 3947607.859432 4.310997
9 408189.720651 3947065.210447 5.229270
10 419060.819737 3939284.666128 7.016202
11 402483.524896 3946689.348891 2.947949
12 391931.381760 3944866.101463 5.521675
13 393193.784794 3945035.050529 5.269494
14 388805.696686 3942424.231830 11.192067
15 416877.134825 3939327.824853 7.943118
16 417781.674492 3938732.961065 7.439095
17 417748.922236 3935289.690588 9.536237
18 417127.913646 3936529.900429 9.562279
19 417017.595493 3934128.336171 9.800418
20 410933.901612 3946174.099419 7.112438
21 409494.735989 3946005.319615 7.146851
22 404270.312650 3946392.569594 3.496334
23 405757.794676 3946892.455594 4.016920
24 407061.248880 3946295.110053 5.457719
25 408260.207427 3945891.980811 6.634844
26 415737.066883 3941163.194128 8.099909
27 414433.400817 3942439.642978 8.335701
28 403242.920817 3945653.870123 3.845468
29 391414.982194 3943685.428469 6.085011
30 395422.155740 3944127.837700 4.464530
31 392580.001155 3943806.001290 5.622171
32 393664.144887 3943809.405420 5.312953
33 389330.342593 3941732.687578 10.999146
34 390679.838615 3942725.197623 6.846445
35 388320.621483 3940955.355129 10.852944
36 396665.890744 3944242.221753 4.386445
37 415355.522188 3939450.935884 9.082532
38 416450.851250 3938007.902082 9.209539
39 416411.835574 3935273.229062 9.941379
40 415761.716311 3936414.725443 10.241382
41 415664.785316 3934028.266129 10.702762
42 413224.753577 3943569.284040 8.076578
43 411724.105279 3944769.750790 7.652546
44 410206.445341 3945106.813817 7.435989
45 408935.554123 3944900.122333 7.661893
46 404404.651037 3945122.873769 4.808635
47 405801.240705 3945325.619483 5.548520
48 407487.669024 3944987.887859 7.098639
49 414042.474011 3940595.742303 9.401227
50 412908.635718 3941868.952510 9.054687
51 403729.187050 3944444.407026 5.800768
52 402403.145788 3943556.083418 7.194136
53 395926.006365 3942962.055081 5.139887
54 392023.796407 3942653.819601 6.420182
55 394535.221078 3943084.114342 5.389553
56 393251.903469 3942786.435234 5.896370
57 390389.694412 3941606.979607 7.514497
58 389561.495936 3940518.845151 10.136917
59 391451.502134 3941516.607455 7.271235
60 388970.949775 3939405.022482 9.907053
61 387811.549194 3937636.093183 4.176448
62 387097.997717 3936435.325888 3.813660
63 397113.584400 3942883.823448 5.225846
64 397953.947318 3943602.731460 5.073357
65 414166.573963 3939204.211961 10.335260
66 414859.239458 3938407.144308 10.222766
67 414795.793409 3937273.433178 10.862816
68 415150.034190 3935248.752417 10.959389
69 414633.796825 3936155.437883 11.370893
70 414508.257031 3934336.897543 11.704828
71 414407.827039 3933037.110662 12.188771
72 413517.231938 3931826.492625 13.165919
73 411572.620984 3942834.436849 8.789131
74 409943.901243 3943685.061589 8.553881
75 408220.400886 3943724.012297 8.665060
76 404979.687308 3943798.138195 7.053864
77 406647.416708 3943790.878578 8.013907
78 412647.994987 3940575.853813 10.445672
79 413048.162666 3939467.916688 11.167571
80 411530.582349 3941199.179827 10.405439
81 399422.461401 3942746.751308 6.155509
82 401071.156157 3942874.532163 7.934856
83 403657.202615 3943005.241170 7.754807
84 404686.037771 3942422.892324 9.003921
85 402453.754923 3942281.961420 8.508127
86 396687.480324 3941612.826521 7.168375
87 412680.651351 3931053.677784 13.781224
88 412063.793197 3930090.493004 13.940517
89 395131.714223 3941821.812040 6.777590
90 392764.577226 3941403.525349 6.975189
91 393943.640674 3941962.000050 6.565838
92 390842.046658 3940402.225448 8.480013
93 390142.325328 3939511.626862 9.293319
94 392009.123806 3940308.152573 7.789829
95 389916.492779 3938302.970487 8.460058
96 389025.475290 3937523.416502 5.864416
97 388381.003162 3936473.381093 4.837314
98 411766.538950 3928928.180378 13.586360
99 398334.673188 3941999.511464 6.832784
100 413527.476503 3938099.523593 11.638852
101 413541.624871 3936556.254177 12.305958
102 413919.795415 3935284.209072 12.235056
103 413398.836646 3934086.338696 12.922407
104 413152.586829 3932951.880837 13.275289
105 412320.635980 3932223.299709 14.068202
106 410103.725065 3941914.923679 10.194800
107 408844.393591 3942546.001273 9.879302
108 407463.473596 3942434.545261 9.940440
109 405932.096924 3942475.516253 9.426198
110 411710.121713 3939747.721916 11.805325
111 412194.325956 3938584.738960 12.433410
112 410240.373637 3940253.581006 11.827947
113 400085.214458 3941796.053656 8.023100
114 401417.901764 3941522.118695 9.158656
115 405169.850127 3941307.493625 10.768856
116 403691.330358 3941528.295078 9.976995
117 402481.814927 3941205.836931 10.041162
118 397854.590179 3940647.494954 9.196754
119 396788.662456 3940379.647022 9.553035
120 395663.176915 3940595.914521 9.006247
121 410358.494940 3929149.235459 14.232390
122 411470.172487 3931270.614753 14.634791
123 410882.479941 3930163.954100 14.654130
124 394034.737414 3940714.319087 8.581683
125 391420.678063 3938929.291992 9.029586
126 391030.508644 3937724.998093 9.358420
127 390072.819653 3936842.785294 7.971424
128 409718.074584 3928455.186000 13.781094
129 410847.073358 3927945.021825 12.653183
130 399225.558629 3940707.447137 9.456759
131 412086.614441 3937203.412538 13.171561
132 412286.212819 3935321.882319 13.714673
133 412118.412688 3933586.362779 14.252029
134 410984.800227 3932651.042530 15.325415
135 408490.422346 3940971.759501 11.444701
136 406646.166496 3941099.515084 11.290390
137 410599.257591 3938405.420190 13.210071
138 409008.191364 3939282.968205 12.927946
139 400591.220973 3940570.307133 10.235129
140 401824.257444 3940404.302195 11.019576
141 405694.626046 3940136.741835 12.265240
142 404368.844602 3940182.347244 12.015368
143 403021.824619 3940292.695482 11.574489
144 398635.127204 3939644.914066 11.306546
145 397456.092586 3939540.929969 11.275187
146 396281.996468 3939501.246646 11.185337
147 395054.481185 3939545.976414 11.018629
148 409189.589090 3929299.384099 15.488110
149 409747.291048 3930103.950371 15.701736
150 409888.726641 3931441.540845 16.110225
151 408184.334902 3929240.158530 16.413210
152 393873.956052 3939469.576687 11.419663
153 392257.851177 3937834.058613 11.172650
154 391484.664341 3936716.111255 10.690459
155 390688.517254 3935690.474731 10.688885
156 408712.199003 3928382.139017 14.591358
157 409483.048022 3927500.321317 12.445426
158 410630.605870 3926389.882955 11.148713
159 407531.706106 3928421.738915 15.773391
160 399852.572106 3939586.744069 11.691358
161 410370.797215 3936253.189460 14.539296
162 410567.410627 3934284.099721 15.321016
163 409543.468678 3933100.721276 16.368075
164 407126.579306 3939271.483754 13.106881
165 408584.361766 3937513.053625 14.344073
166 401141.839487 3939405.471136 12.311854
167 402290.949034 3939429.624296 12.587434
168 405161.725083 3938823.169375 13.593601
169 403473.743039 3939006.035570 13.302122
170 394720.440527 3938525.488811 12.658429
171 399222.698256 3938790.265493 12.914512
172 398199.270005 3938596.850851 13.050554
173 396976.927236 3938475.662518 13.057924
174 395752.686376 3938469.593915 12.894137
175 408417.206235 3930465.851044 17.074398
176 408175.749900 3932335.215590 17.373152
177 407070.977036 3929631.850017 17.614169
178 393833.054128 3937709.732572 13.068099
179 392845.233670 3936606.010533 12.964618
180 392013.022858 3935598.654357 12.523785
181 391344.525718 3934569.425673 12.607300
182 406188.876085 3928531.461378 17.018650
183 408166.455842 3927376.260475 13.258666
184 408823.909036 3926453.776134 11.344987
185 408258.856196 3924871.716447 10.770175
186 406867.416068 3927368.829124 14.472163
187 400299.024588 3938402.325721 13.644783
188 408100.818412 3934792.119325 16.281984
189 406300.532326 3937073.993567 15.103424
190 401993.070330 3938039.819247 14.294396
191 404006.029239 3937268.996020 15.170145
192 395088.051068 3937432.725644 14.173476
193 399127.511898 3937720.660818 14.500942
194 397777.288999 3937408.918215 14.790848
195 396394.258503 3937336.702146 14.672012
196 406663.811447 3931209.397739 18.389726
197 406440.543790 3933002.242575 18.024630
198 405439.931615 3929922.880931 18.742524
199 394212.704188 3936390.872230 14.761096
200 393270.080194 3935386.968747 14.575839
201 392445.103529 3934623.214659 13.908372
202 392118.099610 3933503.735463 14.055029
203 404691.550205 3928487.967185 18.060492
204 405531.697274 3927355.857505 15.542897
205 407580.438515 3926131.034804 11.928396
206 406205.358497 3926396.923101 13.103719
207 400456.475075 3936871.353060 15.688004
208 404823.730117 3934776.155622 17.289536
209 402283.472050 3935895.631519 16.711753
210 395615.159861 3936164.242411 15.906921
211 398810.334219 3936254.588370 16.418262
212 397155.456863 3936069.386000 16.473243
213 404438.529232 3931899.027251 19.176923
214 403585.916129 3929778.133759 19.747874
215 403193.973759 3928148.863217 18.838061
216 394624.628510 3935045.882399 16.414712
217 393479.785644 3934057.473506 15.924728
218 376292.940477 3926613.181250 5.770901
219 384701.911024 3930646.005854 3.664260
220 390473.804280 3932878.487533 12.296581
221 386224.002145 3930316.126301 3.783298
222 385644.647490 3929372.554192 3.845250
223 386553.833371 3931575.434783 4.014430
224 404208.921488 3927191.014214 16.307231
225 405028.062223 3926159.254127 13.289707
226 406019.160703 3924969.877177 10.991317
227 403073.818503 3926954.893311 16.943716
228 401771.740281 3927373.753273 19.117882
229 400225.429864 3934915.673870 17.943384
230 402196.177810 3933502.761016 18.952226
231 396215.862288 3934710.258442 17.780455
232 398119.860491 3934542.054346 18.372459
233 401919.603246 3931102.877318 20.520540
234 401831.886044 3929107.831008 20.670239
235 394954.159693 3933565.871688 18.254211
236 393536.740062 3932866.554737 17.804166
237 392318.738394 3932422.892682 15.258300
238 377473.667890 3926832.709341 6.098644
239 377124.159902 3925564.090620 6.055652
240 376219.337750 3924101.062481 6.118440
241 384399.291015 3929324.747655 4.005521
242 383279.180624 3929741.056697 4.179143
243 384820.633510 3928452.964843 4.187570
244 382346.103109 3928734.289545 4.919912
245 390928.228496 3931928.559144 13.330370
246 389363.119472 3932410.767097 12.295120
247 387258.735309 3930526.715879 4.663602
248 386960.878513 3929460.167678 4.586072
249 388271.815349 3931349.053779 6.137076
250 403734.447557 3926039.544303 13.914354
251 404468.829018 3925002.607909 10.506672
252 404991.541216 3924095.811354 8.293747
253 402460.029172 3926021.507255 15.371470
254 401134.913910 3925986.943852 17.380609
255 400541.205150 3928341.861545 21.447891
256 400166.367884 3927054.864620 20.767644
257 399863.371363 3925748.439088 19.250654
258 391952.304077 3931128.029850 16.923809
259 399486.222153 3932428.513312 20.366207
260 396825.927144 3932874.644879 19.942041
261 399978.920096 3929902.066017 21.823407
262 395042.041224 3931840.948108 20.356719
263 393362.182274 3931444.943966 19.052975
264 378780.167711 3926787.271486 6.766817
265 378103.110437 3925650.221373 6.790109
266 377531.687759 3924623.434913 6.661746
267 377689.367452 3923314.777653 6.844709
268 383550.039537 3928411.370220 5.017730
269 381841.229727 3927566.666554 6.108255
270 390533.271195 3930802.947380 15.266597
271 388283.146272 3929933.007884 7.770469
272 389411.905432 3930505.647248 11.126415
273 403167.027199 3924908.261438 11.303111
274 403872.716741 3923843.213327 8.015005
275 404633.213911 3922841.516641 6.770689
276 401878.276285 3924865.935171 13.095199
277 400669.714596 3924857.474369 15.391641
278 399710.024218 3924762.855769 17.317229
279 398957.168244 3928271.141478 22.658432
280 398729.863189 3926607.460403 22.262997
281 398769.376267 3925221.311020 20.414061
282 391684.016514 3929890.818073 19.528349
283 392887.376912 3930278.363875 20.724893
284 397137.475475 3930161.125620 22.567794
285 394435.952853 3930133.289171 22.425754
286 381049.248571 3926673.758630 7.707469
287 380408.981488 3925618.079654 8.889829
288 379186.562039 3925606.816482 7.869799
289 378522.406861 3924487.203378 7.969604
290 382460.227028 3926475.361860 7.853620
291 390309.292176 3929566.650320 17.391152
292 389251.635860 3929093.115556 15.729722
293 388227.615327 3928583.801948 18.402686
294 386457.220702 3927676.278373 19.255160
295 385662.433177 3926613.218513 19.851341
296 402587.868629 3923677.044128 9.079415
297 403387.790525 3922534.296585 6.994963
298 401250.134395 3923744.658436 11.260108
299 400181.607811 3924036.230992 14.095150
300 399066.053424 3923950.962783 16.747123
301 398048.992319 3923532.353995 18.763941
302 397189.350931 3927560.125123 24.111005
303 397433.594856 3925789.303704 23.468561
304 397813.390119 3924469.120537 21.246580
305 391419.512098 3928774.269685 21.906760
306 393002.449832 3928795.019268 23.634194
307 395184.189355 3928280.114509 24.751087
308 381716.623243 3925551.206253 9.901818
309 381043.143614 3924506.943987 11.560925
310 379765.573552 3924499.693732 9.704010
311 379077.789806 3923397.086822 10.173635
312 382999.926966 3925526.089532 13.023509
313 384351.267563 3925855.184385 18.313763
314 390341.641918 3928189.873745 21.243364
315 389088.378815 3927682.446160 20.624669
316 387896.180407 3927339.240736 20.244999
317 387115.350968 3926458.820624 21.383377
318 386463.124138 3925655.894510 22.260682
319 385567.422885 3925442.685666 21.156305
320 401971.271789 3922166.200168 8.217488
321 400212.135411 3922865.364898 11.047968
322 398726.942379 3922769.830549 14.593759
323 397156.601598 3923695.111725 21.579262
324 397481.977890 3922776.894867 18.708929
325 395693.856242 3926252.275668 25.418030
326 396405.763600 3924625.968210 24.018202
327 391760.203122 3927429.275130 24.877753
328 393645.945733 3926779.741737 26.062667
329 382338.227244 3924507.297334 14.330821
330 381674.904612 3923483.371129 16.298233
331 380354.538964 3923382.299882 13.124478
332 383656.196850 3924524.890481 18.312575
333 385010.782852 3924497.894482 22.198113
334 390220.907442 3926593.824411 24.629717
335 388592.303404 3926295.120657 23.388366
336 387620.923100 3925173.512136 24.752407
337 386349.546816 3924591.418977 24.471971
338 400836.821162 3921662.262717 7.899447
339 399452.266831 3921727.899647 9.981427
340 398100.241093 3921765.803091 14.316931
341 396032.877599 3923071.399133 22.774980
342 396826.246117 3921827.146617 18.917762
343 394304.262640 3924479.087283 25.868416
344 391930.780648 3925443.466650 26.669834
345 382938.559219 3923451.566598 19.854875
346 382271.827037 3922635.126755 20.909739
347 381103.107043 3922417.265639 18.971396
348 384298.393805 3923311.615834 23.708108
349 385841.925193 3923261.887775 26.392276
350 389612.141998 3924523.308143 26.613224
351 387593.142916 3923516.969674 27.184514
352 400161.715489 3920600.358217 7.272553
353 398675.750363 3920704.113848 10.356345
354 397438.274008 3920789.214756 14.879816
355 395676.054670 3921770.751759 21.891560
356 394379.336766 3922325.398634 24.357897
357 396228.097892 3920789.084570 18.885585
358 400338.814322 3919124.985856 5.743642
359 400547.436840 3917230.977410 4.779581
360 401145.463411 3915991.230096 4.414416
361 392041.281511 3922856.519819 26.331254
362 379772.794499 3920786.166399 20.134557
363 381094.072623 3921242.170805 21.263058
364 383391.818431 3922247.378783 24.478464
365 382250.759611 3921576.244724 23.257094
366 384951.102574 3921886.438676 27.293714
367 386848.615236 3921767.452765 28.027344
368 389285.759840 3921784.922956 27.002366
369 398974.410786 3919461.779387 8.038514
370 397927.576118 3919879.927405 11.594134
371 396871.729756 3919769.459229 15.088399
372 394913.719733 3920840.956696 21.699198
373 393307.849661 3920934.316114 23.681785
374 395642.568271 3919737.238500 18.314242
375 399064.806357 3917786.392906 6.815595
376 399734.950133 3916199.110965 5.455130
377 400318.763724 3914791.914417 5.170880
378 391468.852529 3920506.607044 24.546520
379 392795.584204 3919587.675492 22.030946
380 377088.846428 3918856.737658 12.085174
381 376562.260361 3917606.468542 11.944061
382 378415.825067 3919012.023427 13.501241
383 380842.130655 3920140.200237 21.431007
384 380022.613136 3919303.766053 20.910630
385 382003.526387 3920292.239991 24.257021
386 383640.296443 3920623.623882 26.960023
387 385685.587445 3920107.209899 27.761069
388 387734.174132 3920048.033857 26.600260
389 389702.144070 3919276.915913 24.058450
390 397677.700975 3918675.242889 10.924070
391 396316.190349 3918746.291620 14.893612
392 394248.438302 3919489.298180 20.150850
393 395277.248995 3918788.617959 17.234647
394 397810.526813 3917417.955551 9.360264
395 398369.830207 3916395.165971 7.839094
396 398963.482786 3914999.320099 7.267348
397 391680.516998 3918600.048831 21.239614
398 393272.280610 3918408.423466 19.267845
399 377854.939752 3917739.366081 13.223937
400 377383.279780 3916416.465491 13.288275
401 379147.017329 3917938.477240 17.317328
402 381317.655621 3919076.853025 24.145305
403 382876.250654 3919094.694031 27.138842
404 384323.080123 3919161.817147 28.003022
405 386783.940826 3918906.167138 25.846174
406 385517.939774 3918357.689624 26.528338
407 388098.997003 3918446.227124 24.040257
408 389219.823364 3917839.664315 22.152776
409 390426.986793 3917713.722400 20.827513
410 391514.019537 3917321.256758 19.013329
411 396778.686949 3917665.289007 12.173569
412 395649.224385 3917842.147918 14.914630
413 394529.855781 3918128.281577 17.215100
414 397161.609966 3916567.878220 10.458081
415 397483.613575 3915400.635047 9.603444
416 397632.695129 3914047.976028 9.415601
417 392583.835045 3917386.314493 18.073576
418 393795.461620 3917259.262557 16.637202
419 378532.400542 3916606.302127 16.195919
420 377816.643351 3915352.686287 16.028961
421 380474.427626 3918019.803922 23.961782
422 379822.571976 3916689.325346 21.958090
423 382077.652518 3917787.848329 27.407036
424 383895.321466 3917626.208095 27.776638
425 386883.039337 3917571.983210 23.871452
426 385536.662775 3916773.178213 24.921294
427 388270.832137 3917035.003095 21.727204
428 389600.138109 3916726.677880 19.984449
429 390845.314833 3916518.087135 18.303857
430 392033.456931 3916388.284534 16.840354
431 396056.850445 3916742.444904 12.841011
432 394936.527846 3916982.176246 14.919253
433 396470.166356 3915785.995107 11.475901
434 396303.871184 3914607.785042 11.047934
435 393207.342281 3916340.871474 15.700120
436 394242.965701 3916309.741595 14.786001
437 379169.894814 3915501.758689 20.062519
438 378679.529266 3914430.420699 18.827321
439 377604.606411 3913434.335302 17.556286
440 376162.696379 3911379.401196 13.088236
441 381198.459575 3916587.244001 27.535717
442 380413.233040 3915482.660627 26.207721
443 382703.854295 3916322.752862 29.439400
444 384231.858142 3915886.119008 27.311820
445 376991.956819 3910295.029996 13.841174
446 385602.006300 3915283.520174 23.841355
447 387089.884924 3915914.036528 21.739772
448 388733.105223 3915711.780535 19.510180
449 390104.768228 3915542.100011 17.645528
450 391392.550661 3915416.731685 15.939946
451 392657.700589 3915346.680581 14.575329
452 395344.872485 3915611.399429 13.019855
453 393930.676911 3915355.172059 13.679977
454 379754.977063 3914449.426728 23.861364
455 379051.479884 3913414.089148 21.264539
456 378251.512472 3912420.271798 18.948795
457 377465.061786 3911484.650635 15.488915
458 385590.268396 3914186.154391 23.727938
459 381699.061154 3915221.430652 30.391406
460 380834.433242 3914447.047443 29.007050
461 384532.555868 3914483.374560 26.889381
462 383120.772409 3914828.095127 30.227446
463 378185.383098 3910400.671625 17.282604
464 377815.747769 3909411.907387 12.605294
465 376831.111896 3908318.038478 9.372320
466 376233.919132 3907027.811730 7.240020
467 377157.624469 3905938.613424 7.008900
468 386630.806067 3914458.612559 21.442746
469 387972.777870 3914564.727954 19.328956
470 389360.253610 3914488.505022 17.219481
471 390697.267956 3914391.113714 15.233938
472 392016.820479 3914314.397273 13.556132
473 393365.389919 3914264.898740 12.446868
474 394765.829628 3914257.737056 12.256143
475 386169.199810 3913382.950329 22.580369
476 380381.277561 3913420.807939 27.446068
477 379636.922568 3912329.578518 24.455554
478 378858.119307 3911341.116815 20.593850
479 385016.774334 3913322.475637 26.341500
480 381923.637406 3913661.107765 31.612273
481 383633.653884 3913394.186436 30.491949
482 379416.922611 3910254.246042 22.962587
483 378809.285398 3909293.158338 17.941605
484 378197.753626 3908280.592575 12.807072
485 377627.334374 3907152.576747 8.688210
486 378603.017816 3906066.915435 8.601461
487 387360.704927 3913420.562183 19.671047
488 388661.959510 3913395.206178 17.018253
489 389991.666711 3913326.414474 14.614794
490 391317.567267 3913258.829465 12.597494
491 392670.468267 3913208.426675 11.147799
492 394150.889708 3913107.300345 10.848292
493 386739.842084 3912399.375048 21.026066
494 385676.803300 3912510.739508 24.814679
495 381086.197836 3912223.923217 30.870117
496 380192.947623 3911157.589642 27.583896
497 384498.160887 3911977.702370 29.795655
498 382710.063635 3912092.786561 33.395575
499 380487.214033 3910114.930528 29.346602
500 379968.613544 3909218.248900 25.331543
501 379362.393459 3908224.330760 19.503204
502 378740.633651 3907283.788734 13.466782
503 387989.658490 3912322.771597 17.181860
504 389296.717760 3912248.553383 14.008302
505 390616.251712 3912176.577480 11.574991
506 391912.934298 3912136.345835 9.859721
507 393259.209188 3912169.117080 8.978618
508 387282.662644 3911288.091007 18.335760
509 385960.028225 3911471.378003 24.215172
510 381672.338609 3910682.067114 33.782389
511 385043.430224 3910434.630876 29.365555
512 383446.406103 3910618.234606 34.619660
513 381185.239438 3909262.691265 32.581860
514 380550.646019 3908160.367595 27.602908
515 379907.448982 3907110.060889 22.129994
516 388596.080182 3911185.122616 13.699122
517 389924.710239 3911085.522126 10.631516
518 391253.928239 3911004.091905 8.749910
519 392360.142758 3911001.316017 7.898557
520 393258.722005 3909937.269854 7.422385
521 387891.078894 3910132.140938 14.699702
522 386519.305672 3910218.051791 21.594601
523 382598.325867 3909304.834957 36.520924
524 385680.600066 3909104.949074 27.345591
525 384156.114843 3909217.867138 34.519098
526 381834.286265 3908095.980857 34.288488
527 381045.892671 3907051.143680 28.676428
528 380236.869746 3905996.029888 23.818140
529 379745.944406 3904935.541225 21.115181
530 389191.673061 3910033.949511 10.521464
531 390593.642644 3909865.141690 8.536063
532 392115.940650 3909759.931773 7.542204
533 388498.673712 3909190.452861 12.130442
534 387258.079221 3908877.470689 18.639857
535 386234.344758 3907989.663897 26.337361
536 383295.603210 3907952.567020 36.612750
537 384872.336654 3907892.396462 33.046962
538 382330.005488 3906844.598220 33.680345
539 381416.053108 3906100.081891 28.189945
540 381061.845930 3905100.789226 23.922401
541 380586.670408 3903871.293882 21.478056
542 389645.886317 3908745.611879 10.627384
543 391429.773632 3908562.123988 9.913852
544 388506.664660 3908163.299373 14.636929
545 392758.618752 3906517.188795 12.274127
546 387475.944553 3907344.166841 22.311420
547 385884.757443 3906729.609647 31.062774
548 383982.575559 3906360.132680 34.833189
549 382405.628074 3905508.042152 30.305366
550 381979.896039 3904194.049078 25.489798
551 381463.852565 3903115.166935 23.134706
552 389654.866142 3906659.091835 17.384769
553 391293.151625 3904186.059981 18.651615
554 393785.738943 3903792.464740 12.126535
555 395276.382322 3905745.676485 9.876158
556 387317.013831 3905646.424546 28.904160
557 385426.316074 3905145.408455 34.421278
558 383663.346273 3904448.995168 32.091711
559 382697.989962 3903120.374328 27.506901
560 388811.867564 3904109.413401 27.806897
561 390168.671548 3902097.547820 27.591715
562 392579.380710 3901941.789011 18.200549
563 394683.672265 3901665.121080 12.520049
564 396123.591445 3902699.930210 10.122931
565 386648.231710 3903891.627527 34.479571
566 385061.960323 3903796.254533 35.068621
567 384088.985213 3903019.302683 32.841130
568 387789.308664 3902176.665297 35.341283
569 389043.430422 3900142.521632 37.985258
570 391495.064135 3900029.828576 27.661329
571 394050.280809 3899880.654796 18.564320
572 396879.763026 3900011.477985 13.821745
573 385482.930950 3902476.259798 37.981303
574 386580.857758 3900343.541347 44.021393
575 387859.189663 3898228.527368 54.626569
576 390367.688748 3897980.035985 44.100365
577 392761.094216 3898137.452836 30.851958
578 395903.160456 3897499.509860 25.968608
579 385626.766650 3898473.017705 58.170134
580 383683.765131 3900565.362527 50.326167
581 389058.424724 3896044.658123 73.897579
582 386478.164714 3896388.382593 82.131750
583 366956.864472 3908293.473126 35.141319
584 364290.443648 3907930.370503 37.617128
585 361710.218194 3908415.299956 46.963959
586 359135.307053 3909352.943906 67.779514
587 391989.232750 3895298.321200 59.865921
588 383531.997637 3896840.106540 73.531287
589 380944.771887 3897013.664053 61.480872
590 389964.626379 3894096.174957 101.346812
591 387691.924403 3894277.690619 118.463850
592 385100.836850 3894467.490244 116.046773
593 367999.178417 3906198.952937 43.357119
594 369467.068794 3904036.600405 54.838965
595 365606.315405 3906160.859960 46.103732
596 363056.953851 3906273.549953 56.401059
597 360505.661357 3906632.218868 73.630667
598 356308.464905 3909332.006938 111.868226
599 357986.599925 3906852.273217 106.615614
600 353624.173590 3908484.638975 180.843633
601 392009.746771 3892553.108209 118.564763
602 382508.908658 3894514.329678 88.881187
603 380191.039523 3894025.283937 62.994501
604 377580.175944 3894190.541107 51.744638
605 389073.946458 3892307.939899 150.255359
606 386475.710235 3892362.540780 164.121166
607 383918.560943 3892423.074773 137.526357
608 366937.488093 3904099.282201 64.080644
609 371152.949537 3901973.159364 60.434623
610 372761.383269 3899919.145866 58.052895
611 374286.123236 3897818.770746 55.804549
612 368386.110396 3901984.949581 79.142763
613 364396.967454 3904170.596838 84.323900
614 361832.395765 3904333.062216 109.872685
615 359312.916718 3904567.285054 142.395756
616 349018.562540 3909074.903822 231.596822
617 345941.186323 3908146.259704 253.253658
618 351207.218481 3907959.503835 247.056541
619 355517.671163 3906449.903719 176.073364
620 357139.841668 3904780.360860 183.795957
621 353035.377472 3905782.241450 269.614827
622 342831.412925 3907433.038496 298.744971
623 393304.332188 3890233.365953 137.455736
624 390490.207927 3890259.497407 165.479295
625 381366.370885 3892317.419274 92.111979
626 378554.525734 3892091.393754 63.997091
627 387811.562047 3890299.837332 197.130711
628 385257.569697 3890400.327009 184.016925
629 382802.079713 3890477.431414 133.854424
630 374288.241029 3893527.533751 65.113755
631 372710.678268 3895753.947049 73.736895
632 365769.466009 3902044.815687 115.877869
633 369856.040520 3899838.787212 85.442656
634 371364.995834 3897781.112249 78.791792
635 367133.831472 3899918.260840 137.718191
636 363179.351274 3902113.117247 162.270354
637 360542.755436 3902242.714851 213.534338
638 337321.050061 3905395.911515 326.445055
639 340329.133457 3906080.464624 348.617197
640 335195.450177 3903687.433957 344.234080
641 332814.445707 3901994.584321 369.120052
642 357870.441957 3902564.088440 267.410266
643 348339.940608 3906564.082379 290.315130
644 345562.498546 3905548.067595 336.554042
645 350493.030650 3904911.729513 360.151478
646 355011.619626 3903468.992506 315.215924
647 352358.748197 3903419.849214 400.863769
648 343066.001026 3904328.665828 399.576076
649 393975.607702 3887646.411440 135.345102
650 391665.049213 3888003.227879 160.101107
651 389076.536666 3888160.774091 205.935242
652 380223.000541 3890374.140216 91.867675
653 386495.479595 3888309.084645 216.714490
654 384042.149659 3888531.046843 175.945811
655 382004.990527 3888819.596449 126.322322
656 372553.565108 3893177.368709 84.131118
657 373983.260859 3891112.544327 95.878243
658 370238.743095 3895899.964106 120.924933
659 370596.648510 3893867.050203 135.135691
660 364583.200409 3899983.815822 206.364148
661 368336.959811 3897457.452117 159.189954
662 365871.384741 3898200.890424 224.328328
663 361951.475535 3899904.847378 289.679504
664 359110.122938 3899975.088108 371.964473
665 337903.554330 3903148.288842 388.095755
666 340765.533958 3902477.177859 475.632940
667 335341.797771 3901083.067361 418.436316
668 332173.338185 3899723.842412 431.687087
669 331542.669633 3897254.631740 476.336184
670 331116.489233 3894885.201445 481.640107
671 356105.575041 3900351.360381 444.957399
672 347816.861910 3903745.536608 437.976674
673 345379.808587 3903072.323805 474.955696
674 350199.843069 3902000.412105 518.892125
675 353053.853126 3900936.773952 509.259457
676 343527.932310 3901362.317434 570.362620
677 375446.242269 3889412.990056 98.475453
678 378025.392511 3889336.175210 91.980137
679 392844.513474 3885752.825779 142.647195
680 390299.121453 3885967.574347 190.254829
681 387697.851934 3886126.559212 233.469511
682 380352.294613 3887872.274651 118.539466
683 385087.296589 3886337.045842 225.505776
684 382605.615937 3886843.710641 173.661296
685 371189.144607 3891626.376477 145.028213
686 371752.244313 3889735.131831 155.719434
687 373266.863529 3888469.829714 138.648050
688 368184.361521 3894641.113222 223.881398
689 368703.182079 3892104.541487 250.858130
690 363593.764162 3897722.053701 331.494116
691 365709.227342 3895923.684396 306.260222
692 360699.786231 3897393.572498 454.727917
693 357490.858837 3897395.397260 554.364438
694 331724.602264 3890083.558068 494.183872
695 338467.717289 3900167.259073 536.494352
696 341298.735129 3899777.575009 630.706462
697 335495.893056 3897778.814955 539.407537
698 333938.169921 3895246.960312 529.011841
699 334529.018448 3892078.844524 555.707553
700 354096.733275 3897769.431637 628.002244
701 346925.970755 3900378.001252 626.432577
702 350550.524967 3898612.227938 669.208579
703 343731.761453 3898141.727244 734.499560
704 376657.338458 3887451.009533 109.920759
705 374784.189626 3886788.024641 144.055835
706 378499.083707 3886516.258830 139.436645
707 394394.094469 3883757.965750 123.917500
708 391573.728906 3883831.598546 156.524777
709 388937.144973 3883931.582000 224.634911
710 386291.604796 3884054.435128 270.565675
711 380756.031382 3885344.716824 198.747182
712 383391.129560 3884158.575921 271.551451
713 369545.950858 3889762.693000 256.733086
714 370775.783439 3887704.956932 249.002488
715 372498.261012 3885931.458553 230.860351
716 367181.769883 3890136.011480 382.314326
717 365521.191200 3892595.297152 410.453543
718 362747.608045 3894926.769695 474.815222
719 359305.013902 3894438.900172 619.956886
720 355628.067750 3894445.889155 714.785226
721 334241.083233 3889051.345049 546.514313
722 332522.936540 3886395.608867 565.829301
723 340000.649826 3896740.560113 713.426954
724 337007.319078 3894238.774303 656.209098
725 337439.375791 3891386.745548 698.068218
726 336236.783212 3889661.448299 634.573771
727 351751.628287 3894877.019350 778.249980
728 347275.130550 3895714.207727 811.548334
729 343362.129859 3894880.091735 841.702510
730 334223.575367 3881005.083030 661.888361
731 376531.802019 3885202.174066 181.105927
732 374304.566248 3884261.510859 242.608743
733 378671.785398 3883892.104734 244.629381
734 392794.964597 3881817.640315 123.067540
735 390172.570170 3881763.204905 186.782050
736 387588.043811 3881847.272798 275.471000
737 385048.243141 3881926.805272 338.405721
738 381016.476231 3882786.498768 316.034897
739 382932.786608 3881818.351883 366.967798
740 393467.347470 3879340.348833 96.189158
741 395498.230717 3875844.875389 51.225044
742 367673.346703 3887270.188163 431.936598
743 369917.831583 3885061.660514 379.751176
744 371940.181508 3883303.826236 349.323186
745 364465.215124 3888948.360692 556.840410
746 361656.772923 3891489.037186 620.068856
747 357607.094223 3890984.920242 762.209518
748 353517.259948 3891212.061516 844.288404
749 336192.097783 3887038.226124 658.598655
750 335918.548405 3883961.987161 677.964233
751 340641.301368 3892202.983195 825.275449
752 338782.698263 3888752.922108 780.570359
753 349442.291143 3891511.126369 899.938897
754 345161.868385 3891603.070530 918.445075
755 337203.618612 3880964.639038 789.850087
756 337868.787596 3878184.596944 905.416239
757 335297.697864 3878387.699571 791.149124
758 373799.143600 3882039.535776 340.601477
759 376273.857773 3882305.061253 303.557245
760 378953.455830 3881199.049942 354.221873
761 391334.325402 3879513.507797 135.076036
762 388807.174926 3879638.754775 231.009825
763 386271.581513 3879769.961195 334.949773
764 383814.455200 3879913.254430 400.411402
765 381393.629350 3880307.266491 400.430745
766 392741.958069 3877145.941396 86.961454
767 393420.906470 3874764.406819 59.974911
768 395213.578932 3873052.794268 48.874451
769 364463.631444 3885159.441084 648.922320
770 367363.046238 3884120.367894 541.589495
771 369256.352174 3882040.475942 505.484205
772 371864.797839 3880489.463955 438.629999
773 360294.331317 3887042.640363 767.210289
774 361482.070435 3882506.361346 823.862967
775 355241.356718 3887283.946985 899.590910
776 351433.412679 3888172.170335 950.022068
777 339451.077258 3884407.996095 850.898916
778 342735.793265 3887822.072901 937.224588
779 347514.713955 3887491.180356 995.355958
780 340461.731478 3879842.149172 990.114966
781 339765.801310 3876096.220811 1078.942474
782 336614.989474 3875633.327498 964.251709
783 374612.254282 3879838.607812 381.261425
784 377043.971061 3879703.914773 370.393357
785 379321.131835 3878200.641630 376.865435
786 390022.006427 3877376.168873 162.571154
787 387454.575800 3877563.498122 268.394045
788 384917.054928 3877731.236661 359.879456
789 382323.439177 3877926.886411 395.492003
790 391173.092208 3875067.393674 103.907511
791 392477.812014 3872711.807287 73.608909
792 372632.509269 3877517.822017 433.206314
793 365503.867456 3881071.300187 693.710399
794 368948.172331 3878198.025024 580.576655
795 362241.882072 3879148.814000 864.483845
796 357144.035495 3882930.913538 948.917379
797 359244.859021 3879687.897571 959.849746
798 351451.623334 3883364.676136 1048.127993
799 344863.800278 3882477.889059 1061.772969
800 343617.262116 3876924.236257 1176.398085
801 341801.725916 3873242.032895 1227.431473
802 338230.071854 3872752.939535 1152.682933
803 380944.773882 3875732.146899 312.578033
804 376059.198679 3876977.123726 349.656306
805 378529.352370 3875559.909112 293.414232
806 388621.015079 3875329.058373 181.022003
807 386088.692371 3875536.893976 263.685195
808 383549.632533 3875678.008748 313.093756
809 389754.977896 3873078.042380 116.230713
810 390734.830680 3871024.815443 93.445655
811 373631.901037 3874584.254296 343.698267
812 370678.754279 3875021.381751 485.100013
813 371804.358631 3872788.422513 394.369209
814 367928.759836 3874919.970912 641.254753
815 364772.079776 3876328.844699 802.723784
816 360206.446932 3876151.375186 1001.900023
817 355149.602373 3877704.023723 1112.391130
818 348814.936954 3877499.658364 1199.736117
819 345995.704666 3872390.942779 1292.604388
820 341399.746720 3868047.937251 1302.604192
821 345690.769900 3863029.004166 1363.561510
822 382266.767933 3873574.792072 219.563651
823 379678.409227 3873453.786215 212.609067
824 376643.197900 3873436.815653 239.272149
825 387232.837220 3873353.436713 168.574951
826 384757.109457 3873567.192410 208.488683
827 388290.327683 3870982.863357 119.257377
828 383519.724779 3871633.433485 143.913817
829 373973.356309 3871765.522129 292.703120
830 371610.886692 3870450.583159 434.918734
831 369126.817033 3872121.285485 581.200576
832 366118.061799 3872931.614816 774.176920
833 362456.753098 3871884.264299 1004.417564
834 357373.826800 3872158.002295 1180.370916
835 351811.929262 3872142.126615 1277.348425
836 348528.347897 3866494.797264 1353.675904
837 348039.653496 3860784.776582 1375.341327
838 381150.950670 3871385.245251 152.116278
839 378535.361282 3871035.044777 173.567260
840 376094.839730 3870683.914717 223.132788
841 382527.781862 3869896.390584 121.526178
842 385885.037327 3871627.609175 129.593934
843 384530.668028 3869750.274869 103.174603
844 369440.630572 3869333.677105 625.288165
845 374054.776448 3868650.362593 371.018720
846 371265.581669 3868045.487095 554.490267
847 366305.954793 3869405.243351 851.062855
848 359608.970864 3868459.464093 1201.216307
849 362811.789781 3867759.338880 1098.711666
850 355009.090922 3866611.220511 1312.294612
851 351752.436131 3862464.735848 1366.537683
852 351589.854479 3857756.611059 1365.014100
853 380377.572894 3868719.041552 167.165731
854 377267.337034 3868532.728870 245.065318
855 383059.898390 3867994.608942 126.444408
856 385508.820658 3867800.957285 93.037316
857 386682.689142 3869549.459090 85.476876
858 375843.543649 3865929.197327 411.073902
859 368893.877386 3866646.798353 786.273497
860 372327.707458 3865147.010556 638.300752
861 365293.787046 3865162.642643 1050.262554
862 360392.993752 3863886.987691 1249.728110
863 355595.250654 3860679.025442 1344.078955
864 355022.227716 3855307.571585 1352.636514
865 381403.843630 3866010.592531 205.745886
866 378697.806263 3866180.306732 284.282693
867 377490.866544 3864115.886488 408.602120
868 384010.670092 3865791.463338 147.042072
869 386552.344675 3865734.924625 99.049980
870 388216.543973 3867986.061076 65.480963
871 375222.656589 3862950.482272 565.909468
872 368729.795626 3862788.806747 952.997312
873 372283.448392 3861020.679630 811.932153
874 364627.874427 3860491.791805 1194.597453
875 359804.079872 3858051.005691 1321.386242
876 358590.547262 3853146.864122 1353.095664
877 382473.499317 3863603.666034 235.800591
878 379803.579751 3863775.666113 321.628202
879 377886.710778 3861744.599672 462.496459
880 385065.486442 3863605.128059 164.402601
881 383688.521747 3861440.215158 241.970679
882 387532.059324 3863572.495609 106.351860
883 388980.247037 3865654.509964 61.395093
884 390680.131537 3867835.584719 40.747507
885 375503.721083 3859747.167658 654.944678
886 368951.785969 3858266.913676 1085.274947
887 372964.845507 3857226.084462 906.556879
888 364594.829171 3854798.665974 1294.937460
889 362960.551602 3850971.245278 1360.130119
890 380868.705710 3861000.111824 348.249135
891 378430.669632 3858879.708123 511.581665
892 386135.670978 3861489.060688 167.723511
893 382763.633798 3859492.431238 306.403582
894 384824.004536 3859451.965016 236.867987
895 388539.869436 3861452.348381 107.277598
896 389918.594899 3863499.984238 64.151635
897 390981.606487 3865298.912660 40.123750
898 392811.422845 3865865.888131 32.701258
899 376233.872597 3856663.200404 725.074121
900 374306.089680 3854381.657934 952.345725
901 370509.800292 3853279.174578 1165.068074
902 366719.708209 3849390.305658 1316.976320
903 381034.122066 3858066.157591 413.557017
904 379056.681264 3856058.488041 593.540291
905 387163.963008 3859413.184843 164.800253
906 383402.817154 3857504.375317 337.128372
907 385789.323651 3857373.387950 252.492554
908 389528.858477 3859356.930055 114.546505
909 390959.953969 3861383.396158 70.227826
910 392517.766225 3863639.206594 43.596274
911 377141.167625 3853687.672328 834.309794
912 374680.607838 3851053.703463 1082.576038
913 371351.033740 3847841.885407 1234.515450
914 381682.157798 3855462.921895 506.071961
915 379817.943810 3853592.557559 706.910942
916 388165.932462 3857356.349252 185.123516
917 384323.539923 3855180.354611 410.300075
918 386855.534885 3855335.059216 304.380160
919 391843.064078 3859240.898135 95.656981
920 390500.253449 3857296.328451 161.815344
921 393411.420738 3861112.013532 60.617391
922 393835.216242 3859066.910381 98.428698
923 395316.901329 3863134.358021 49.646203
924 378751.761008 3850377.992289 941.737714
925 376024.036433 3846756.769973 1131.317670
926 382457.800210 3852376.777003 677.204969
927 389157.545193 3855364.122540 264.115743
928 385753.310128 3853030.808960 502.775030
929 387943.382028 3853706.263843 391.325082
930 395103.336666 3857543.211376 174.573975
931 392822.576513 3857230.655745 173.273914
932 391483.457999 3855229.916757 290.833796
933 395995.561178 3860208.403219 85.372040
934 398072.489890 3862897.846981 60.382001
935 397423.584989 3857798.203191 185.032355
936 396372.743384 3855948.383859 303.494744
937 381889.746878 3848947.678044 903.555898
938 379250.420088 3846233.618933 1032.886965
939 384985.594809 3850047.446668 752.501347
940 389996.650804 3853261.681371 442.443370
941 387953.788957 3851540.288654 598.965874
942 394170.127152 3855007.564169 364.626603
943 392253.480007 3853220.148858 497.300622
944 401281.959367 3863611.232432 67.362282
945 398805.806506 3859907.763405 108.360729
946 400349.880066 3861460.371373 78.368266
947 399824.096390 3857578.741334 244.414736
948 398440.061536 3855603.671825 389.587034
949 396726.557009 3853789.928393 557.581611
950 384003.057452 3845704.272228 945.035258
951 387855.399900 3848686.751767 830.230817
952 391188.222680 3850510.330979 737.870855
953 394428.711462 3852092.086258 692.251944
954 405484.473741 3867800.537510 71.970985
955 404063.628701 3865608.307425 84.402969
956 403637.235051 3863080.579312 101.105218
957 402419.862877 3861381.667575 112.485623
958 401169.358265 3859504.089380 154.421245
959 406187.650739 3870220.723545 56.618891
960 408233.194021 3871824.306034 52.754879
961 402209.816438 3857354.920772 342.132913
962 400896.022984 3855304.761593 509.921436
963 399397.391710 3853202.958760 716.418817
964 397550.406954 3850886.159268 905.503501
965 391145.905249 3845633.880636 986.379314
966 394683.339408 3849140.055720 959.562759
967 408949.400868 3869931.137465 78.559676
968 407684.356104 3868037.511126 89.871866
969 409692.402955 3868166.386768 124.001815
970 406717.859712 3865848.049489 121.520133
971 405746.539648 3863509.787119 162.828342
972 404674.088904 3861292.605386 199.051860
973 403406.720802 3859341.942207 238.786775
974 409231.437723 3873738.853174 47.941651
975 406398.927652 3873449.197693 41.886431
976 411636.654666 3873779.681961 68.009667
977 410398.474212 3871782.379369 75.113808
978 404265.814875 3857432.744394 444.532470
979 401807.791129 3853121.217312 824.953729
980 403697.018645 3854968.155032 693.376644
981 400963.618960 3850513.230036 1048.319909
982 399103.372807 3846580.701557 1123.828879
983 411500.254734 3869556.562172 136.105886
984 409074.408234 3866259.098032 177.055899
985 411253.501231 3867048.214746 220.665691
986 408253.701398 3863874.072091 266.593799
987 407132.744581 3861356.084877 355.815510
988 405701.366632 3859086.456709 409.941872
989 412774.271713 3875828.621138 61.297655
990 410556.199486 3875524.786793 46.633114
991 408165.134158 3876073.823644 39.035720
992 414019.576702 3873939.716978 98.512886
993 412839.852968 3871864.670321 113.184518
994 413877.496876 3870121.385013 184.106130
995 406314.140564 3856412.886561 719.297925
996 404084.906877 3851617.871136 1066.388860
997 406300.753574 3853534.219561 1004.866845
998 403837.947072 3847672.476909 1224.387780
999 413490.551359 3867983.005308 268.499140
1000 410844.594542 3864581.263623 365.637341
1001 412918.640839 3865743.813092 391.202648
1002 410006.001996 3861691.276624 551.969771
1003 408414.700718 3858683.483315 687.438697
1004 415201.244803 3875894.153984 84.387384
1005 416058.958080 3874262.737280 127.431074
1006 414258.645242 3877630.733818 58.037338
1007 410973.401495 3878203.715973 45.328889
1008 416644.281660 3877883.431683 76.302495
1009 415606.442360 3872009.363650 181.874703
1010 415950.199920 3869194.105144 321.922573
1011 409505.244723 3854773.699280 1106.016665
1012 407902.621762 3849899.846176 1246.228818
1013 415443.151462 3866235.020202 510.695912
1014 413561.318040 3862872.348052 700.130683
1015 411828.618388 3858782.092062 965.063615
1016 417451.503733 3875820.570023 121.449682
1017 418015.890760 3873650.483341 198.755478
1018 415699.618432 3880344.938412 53.446507
1019 418257.745983 3879927.979303 69.998522
1020 418996.689101 3877683.182341 110.456450
1021 418482.930413 3871033.972675 344.091150
1022 418800.394163 3867783.280886 588.235839
1023 413533.421530 3855433.603348 1300.869512
1024 412242.205708 3850672.720218 1374.546802
1025 417937.288276 3863835.304151 882.866081
1026 415950.235690 3859240.525889 1153.285923
1027 419791.814946 3875550.309241 184.510825
1028 420703.421849 3873227.082811 323.450547
1029 417794.922052 3882844.383435 52.422459
1030 419866.749304 3881341.168718 68.809940
1031 420544.179079 3879471.759474 101.579092
1032 421290.476563 3877445.974277 161.748774
1033 421821.004407 3870341.239311 566.992560
1034 423167.385908 3866062.717355 932.481764
1035 418140.365928 3853701.617557 1371.026541
1036 420699.721307 3860821.503476 1201.341663
1037 423815.913382 3873312.363182 467.922782
1038 422292.740445 3875475.592917 271.621194
1039 423280.673561 3877315.682195 223.848686
1040 418990.622639 3885420.320993 47.272750
1041 420720.294105 3883209.460173 59.291347
1042 422016.685970 3881252.968940 94.767203
1043 422836.632849 3879180.174912 152.421062
1044 425955.609033 3870630.476660 747.028804
1045 428657.068610 3867760.913774 997.058537
1046 428299.674808 3861272.847450 1197.655464
1047 427248.372284 3874198.398698 560.477872
1048 424874.004784 3876003.239795 353.357183
1049 425109.433093 3878474.040134 243.996516
1050 422298.802883 3885204.529567 52.598085
1051 423354.044002 3883194.689681 79.632603
1052 424062.650111 3887068.296823 49.397208
1053 424778.171375 3881121.591611 144.731753
1054 431022.540559 3872110.754998 773.577358
1055 434837.944445 3868732.246241 985.089523
1056 433359.601310 3875040.903529 596.388893
1057 430325.290475 3875891.300816 536.032852
1058 427496.718036 3877244.630213 385.902810
1059 427390.326511 3879980.010293 241.838534
1060 424839.153661 3885073.302355 62.622948
1061 425471.102757 3883307.317159 96.552893
1062 426732.869379 3886981.814197 56.670095
1063 427268.819783 3882463.441497 140.280409
1064 436773.477063 3872526.515820 677.849960
1065 435885.088156 3876845.103620 438.736930
1066 432791.761070 3877832.676342 422.477497
1067 430032.755199 3878922.294964 344.648102
1068 434611.635081 3879366.681727 312.760992
1069 429655.972272 3881655.406048 198.361725
1070 427115.176459 3884684.187576 81.917508
1071 429201.922170 3884033.184914 108.745751
1072 438101.982858 3878161.536830 315.982269
1073 438937.105336 3875316.587594 424.946074
1074 436620.652276 3879672.681438 269.766694
1075 438474.547135 3880163.087509 222.698348
1076 432536.299491 3880931.274962 245.520130
1077 435224.571767 3881552.437293 199.343785
1078 431505.576687 3883603.502358 131.600376
1079 430813.149891 3885583.149865 78.871662
1080 428852.696350 3886210.330028 71.691984
1081 440592.457042 3878811.012503 245.474986
1082 439631.687764 3882222.835985 154.602212
1083 437426.040769 3881947.959040 168.862110
1084 433931.671771 3883587.550800 131.693763
1085 436221.043409 3883809.426318 115.898270
1086 432894.285384 3885831.455139 76.801716
1087 431610.998212 3888237.937530 58.009288
1088 442238.303110 3883183.805148 137.866348
1089 440674.927285 3884964.023570 93.491110
1090 438383.597262 3884268.057218 103.003372
1091 435208.042670 3885798.181624 72.574742
1092 437152.207009 3885703.166823 71.143633
1093 434296.133003 3888179.320131 47.812009
1094 443040.304530 3885939.370982 80.974964
1095 441559.955716 3887209.294305 59.561781
1096 439195.395807 3886961.744571 57.349252
1097 436752.785407 3887679.008455 44.932281
1098 436029.889507 3889992.616358 34.001299
1099 443679.942814 3888712.184246 48.966682
1100 441208.874187 3889469.880734 36.239229
1101 438634.963055 3889440.058278 33.539461
1102 444041.553802 3890580.154497 30.501887
1103 441935.987398 3891696.576460 24.144262
1104 439413.966159 3891690.747175 24.878375
1105 443944.697186 3893338.018997 22.616273
1106 441070.723645 3893404.977083 20.862080
